# Created by Octave 4.4.1, Sun Nov 18 17:56:25 2018 GMT <unknown@Experience5000>
# name: A
# type: matrix
# rows: 20
# columns: 4
 0 0 1 -1
 0 0 1 -1
 0 0 1 -1
 0 0 1 -1
 1 1 0 1
 1 1 0 1
 1 1 0 1
 1 1 0 1
 1 1 0 1
 1 1 0 1
 0 0 1 -1
 0 0 1 -1
 0 0 1 -1
 0 0 1 -1
 0 0 1 -1
 0 0 1 -1
 0 0 1 -1
 0 0 1 -1
 1 1 0 1
 1 1 0 1


