# Created by Octave 4.4.1, Sun Nov 18 17:56:25 2018 GMT <unknown@Experience5000>
# name: A
# type: matrix
# rows: 4
# columns: 3
 1 2 3
 3 2 1
 1 3 0
 1 0 0


