# Created by Octave 4.4.1, Mon Nov 26 12:15:54 2018 GMT <unknown@Experience5000>
# name: matrix_etl
# type: matrix
# rows: 2860
# columns: 1
 1
 1
 -1
 -1
 -1
 -1
 -1
 -1
 -1
 1
 -1
 -1
 1
 -1
 1
 -1
 1
 -1
 1
 -1
 1
 -1
 -1
 -1
 -1
 1
 -1
 -1
 1
 -1
 1
 1
 -1
 1
 -1
 1
 1
 1
 1
 1
 1
 -1
 1
 -1
 -1
 1
 -1
 -1
 -1
 1
 1
 1
 1
 -1
 -1
 -1
 1
 -1
 -1
 -1
 1
 -1
 -1
 -1
 1
 1
 1
 1
 -1
 1
 -1
 -1
 1
 1
 1
 1
 1
 1
 1
 -1
 -1
 1
 1
 -1
 -1
 -1
 -1
 -1
 -1
 -1
 1
 1
 -1
 1
 -1
 -1
 1
 -1
 1
 -1
 -1
 1
 -1
 1
 1
 -1
 -1
 1
 1
 -1
 -1
 -1
 1
 -1
 1
 -1
 1
 -1
 -1
 -1
 -1
 -1
 -1
 -1
 1
 -1
 -1
 -1
 -1
 -1
 -1
 -1
 -1
 1
 1
 -1
 -1
 1
 -1
 -1
 1
 1
 -1
 -1
 -1
 -1
 -1
 1
 -1
 -1
 1
 1
 1
 1
 1
 -1
 1
 1
 1
 -1
 1
 1
 1
 -1
 -1
 1
 1
 -1
 1
 1
 1
 -1
 1
 1
 1
 1
 -1
 1
 -1
 -1
 -1
 -1
 1
 1
 1
 -1
 1
 -1
 1
 1
 -1
 1
 1
 -1
 1
 1
 -1
 -1
 1
 -1
 -1
 1
 -1
 -1
 -1
 -1
 1
 1
 1
 1
 -1
 1
 1
 1
 1
 1
 1
 1
 -1
 1
 -1
 1
 -1
 -1
 -1
 1
 -1
 1
 -1
 1
 1
 1
 -1
 1
 1
 -1
 1
 -1
 -1
 1
 1
 1
 1
 -1
 1
 -1
 1
 -1
 -1
 -1
 1
 1
 1
 1
 -1
 -1
 1
 1
 -1
 1
 -1
 1
 -1
 -1
 1
 1
 1
 1
 -1
 -1
 -1
 1
 1
 1
 1
 1
 1
 -1
 -1
 1
 -1
 1
 -1
 1
 -1
 1
 1
 1
 -1
 -1
 -1
 1
 1
 1
 1
 -1
 1
 -1
 -1
 -1
 -1
 1
 -1
 -1
 1
 1
 -1
 1
 1
 -1
 -1
 -1
 1
 -1
 -1
 -1
 1
 -1
 -1
 -1
 1
 1
 -1
 -1
 -1
 -1
 -1
 1
 -1
 -1
 1
 -1
 1
 -1
 1
 1
 -1
 -1
 -1
 -1
 1
 -1
 1
 -1
 1
 1
 1
 1
 1
 -1
 1
 1
 1
 1
 -1
 1
 1
 1
 -1
 -1
 -1
 -1
 -1
 1
 1
 -1
 -1
 -1
 1
 -1
 -1
 1
 -1
 -1
 -1
 -1
 -1
 1
 -1
 -1
 1
 1
 -1
 1
 -1
 1
 1
 -1
 -1
 1
 -1
 1
 1
 -1
 1
 -1
 1
 -1
 -1
 -1
 -1
 1
 1
 1
 1
 1
 -1
 -1
 -1
 1
 1
 1
 -1
 -1
 -1
 -1
 1
 -1
 -1
 1
 1
 1
 1
 -1
 1
 1
 -1
 -1
 -1
 -1
 1
 1
 -1
 1
 -1
 -1
 1
 -1
 1
 -1
 1
 1
 1
 1
 -1
 1
 -1
 -1
 -1
 1
 -1
 -1
 1
 -1
 -1
 -1
 1
 1
 -1
 -1
 1
 1
 1
 1
 1
 -1
 -1
 1
 -1
 1
 -1
 1
 -1
 1
 1
 1
 -1
 1
 -1
 -1
 -1
 1
 1
 1
 1
 1
 -1
 -1
 1
 1
 1
 -1
 1
 1
 1
 -1
 1
 1
 -1
 -1
 1
 1
 -1
 1
 -1
 -1
 1
 -1
 -1
 1
 -1
 1
 1
 1
 -1
 1
 -1
 1
 -1
 -1
 1
 -1
 -1
 1
 1
 -1
 1
 1
 1
 -1
 -1
 -1
 1
 1
 1
 1
 1
 1
 -1
 1
 1
 1
 -1
 1
 1
 -1
 1
 1
 1
 1
 -1
 1
 -1
 -1
 -1
 1
 1
 -1
 1
 1
 -1
 -1
 -1
 -1
 1
 1
 1
 1
 1
 -1
 -1
 1
 -1
 1
 -1
 1
 1
 1
 1
 -1
 -1
 -1
 1
 -1
 -1
 1
 1
 1
 1
 -1
 -1
 1
 -1
 1
 -1
 1
 1
 -1
 -1
 1
 1
 -1
 -1
 -1
 -1
 1
 1
 1
 -1
 -1
 -1
 1
 -1
 1
 1
 1
 1
 1
 -1
 -1
 -1
 1
 -1
 1
 -1
 1
 1
 1
 -1
 -1
 -1
 1
 -1
 -1
 1
 1
 1
 1
 -1
 1
 -1
 -1
 -1
 -1
 -1
 1
 1
 -1
 1
 1
 -1
 -1
 1
 1
 -1
 -1
 -1
 1
 1
 1
 -1
 -1
 1
 -1
 1
 -1
 1
 -1
 -1
 1
 -1
 -1
 1
 1
 -1
 1
 -1
 -1
 1
 -1
 -1
 1
 -1
 -1
 -1
 1
 1
 1
 1
 -1
 1
 -1
 1
 1
 -1
 -1
 -1
 -1
 1
 -1
 1
 1
 -1
 1
 1
 -1
 -1
 -1
 1
 1
 -1
 -1
 1
 1
 -1
 -1
 1
 1
 -1
 -1
 -1
 -1
 -1
 1
 -1
 1
 -1
 1
 1
 1
 -1
 1
 -1
 1
 1
 1
 1
 -1
 1
 -1
 -1
 -1
 -1
 -1
 -1
 -1
 -1
 1
 1
 1
 -1
 -1
 1
 1
 -1
 -1
 -1
 -1
 1
 1
 -1
 1
 1
 1
 1
 -1
 -1
 -1
 1
 -1
 -1
 1
 -1
 1
 -1
 1
 1
 1
 -1
 1
 -1
 1
 1
 -1
 1
 -1
 -1
 -1
 1
 -1
 1
 -1
 -1
 1
 1
 -1
 1
 1
 1
 1
 1
 1
 1
 1
 1
 1
 -1
 -1
 1
 -1
 -1
 1
 1
 1
 1
 1
 1
 -1
 1
 -1
 1
 1
 -1
 -1
 1
 -1
 1
 1
 1
 -1
 -1
 1
 1
 -1
 1
 1
 1
 -1
 -1
 -1
 1
 1
 1
 1
 -1
 1
 -1
 -1
 -1
 -1
 1
 1
 1
 -1
 1
 -1
 -1
 1
 1
 1
 -1
 -1
 1
 1
 -1
 1
 -1
 -1
 -1
 -1
 1
 -1
 -1
 -1
 -1
 1
 1
 1
 1
 -1
 1
 -1
 -1
 1
 -1
 1
 1
 -1
 -1
 1
 1
 -1
 1
 1
 1
 -1
 -1
 -1
 -1
 1
 -1
 1
 -1
 -1
 -1
 -1
 1
 -1
 -1
 -1
 1
 1
 1
 -1
 -1
 1
 -1
 -1
 1
 1
 -1
 1
 -1
 1
 1
 1
 1
 1
 1
 -1
 -1
 -1
 -1
 1
 -1
 1
 -1
 -1
 1
 1
 1
 -1
 1
 -1
 1
 1
 -1
 -1
 -1
 1
 -1
 -1
 -1
 -1
 1
 1
 -1
 1
 -1
 -1
 -1
 1
 -1
 -1
 1
 -1
 -1
 1
 -1
 -1
 1
 1
 -1
 -1
 -1
 -1
 1
 1
 1
 1
 -1
 1
 -1
 -1
 1
 -1
 1
 -1
 1
 1
 -1
 -1
 -1
 -1
 -1
 -1
 1
 1
 -1
 -1
 1
 1
 1
 -1
 1
 1
 1
 -1
 1
 1
 -1
 1
 -1
 1
 -1
 -1
 -1
 1
 -1
 1
 1
 1
 1
 -1
 -1
 1
 -1
 1
 1
 -1
 -1
 -1
 1
 -1
 -1
 -1
 -1
 1
 -1
 -1
 -1
 -1
 1
 1
 -1
 1
 -1
 -1
 -1
 -1
 -1
 -1
 1
 1
 -1
 1
 -1
 -1
 1
 1
 -1
 1
 1
 1
 1
 1
 1
 1
 1
 -1
 -1
 -1
 1
 1
 1
 1
 -1
 -1
 1
 -1
 -1
 1
 1
 -1
 -1
 -1
 -1
 1
 1
 -1
 1
 1
 1
 -1
 -1
 1
 1
 1
 -1
 1
 1
 1
 -1
 -1
 -1
 1
 -1
 1
 -1
 -1
 1
 -1
 1
 1
 1
 -1
 1
 1
 -1
 1
 1
 -1
 -1
 1
 1
 -1
 1
 1
 1
 1
 -1
 1
 1
 -1
 1
 1
 -1
 -1
 -1
 -1
 1
 1
 1
 -1
 -1
 -1
 -1
 -1
 1
 -1
 1
 1
 1
 -1
 1
 1
 1
 1
 -1
 -1
 1
 1
 1
 1
 1
 1
 1
 1
 1
 -1
 1
 -1
 1
 -1
 -1
 1
 -1
 -1
 -1
 1
 -1
 -1
 -1
 1
 -1
 1
 -1
 -1
 -1
 1
 -1
 -1
 -1
 -1
 1
 1
 1
 -1
 1
 -1
 1
 -1
 -1
 1
 1
 -1
 1
 -1
 1
 -1
 -1
 1
 -1
 -1
 1
 -1
 1
 -1
 -1
 -1
 1
 1
 -1
 1
 1
 1
 -1
 -1
 -1
 -1
 -1
 -1
 -1
 1
 1
 1
 1
 1
 -1
 -1
 -1
 1
 -1
 1
 -1
 1
 1
 -1
 -1
 1
 -1
 1
 -1
 -1
 1
 1
 -1
 -1
 1
 -1
 1
 -1
 1
 -1
 -1
 -1
 1
 1
 -1
 1
 1
 -1
 1
 -1
 -1
 -1
 -1
 1
 -1
 -1
 1
 -1
 -1
 1
 -1
 -1
 -1
 -1
 -1
 -1
 -1
 1
 1
 1
 -1
 -1
 1
 1
 -1
 1
 -1
 -1
 -1
 1
 -1
 -1
 1
 1
 -1
 1
 -1
 -1
 -1
 -1
 -1
 1
 1
 -1
 -1
 -1
 -1
 -1
 1
 1
 -1
 1
 -1
 -1
 -1
 -1
 1
 1
 1
 1
 1
 -1
 -1
 1
 -1
 1
 1
 -1
 1
 -1
 1
 1
 1
 1
 -1
 -1
 -1
 -1
 -1
 -1
 -1
 -1
 -1
 -1
 1
 -1
 1
 1
 -1
 1
 -1
 1
 1
 -1
 -1
 -1
 1
 -1
 1
 -1
 1
 1
 -1
 -1
 -1
 -1
 -1
 1
 1
 1
 -1
 -1
 1
 1
 1
 -1
 -1
 -1
 1
 -1
 -1
 1
 -1
 -1
 1
 1
 1
 1
 1
 -1
 -1
 -1
 -1
 1
 1
 1
 1
 -1
 -1
 -1
 -1
 -1
 1
 1
 -1
 1
 1
 -1
 -1
 -1
 1
 -1
 -1
 -1
 1
 1
 -1
 1
 1
 -1
 -1
 -1
 -1
 -1
 -1
 1
 -1
 -1
 -1
 -1
 1
 -1
 -1
 1
 1
 1
 1
 1
 -1
 1
 1
 -1
 -1
 1
 1
 -1
 -1
 -1
 -1
 1
 -1
 -1
 1
 1
 -1
 -1
 -1
 1
 1
 -1
 -1
 -1
 1
 1
 1
 -1
 1
 -1
 1
 1
 -1
 -1
 -1
 -1
 -1
 1
 -1
 -1
 -1
 1
 -1
 -1
 -1
 -1
 -1
 -1
 1
 -1
 -1
 1
 1
 -1
 -1
 1
 -1
 1
 1
 1
 1
 1
 -1
 1
 1
 -1
 1
 -1
 -1
 1
 1
 -1
 1
 -1
 -1
 -1
 -1
 -1
 -1
 1
 -1
 1
 1
 1
 -1
 1
 1
 1
 1
 1
 1
 1
 -1
 -1
 1
 -1
 -1
 1
 1
 -1
 1
 1
 1
 -1
 1
 1
 1
 -1
 1
 1
 1
 1
 1
 -1
 -1
 1
 -1
 1
 1
 -1
 1
 -1
 -1
 1
 -1
 -1
 1
 -1
 1
 1
 -1
 1
 -1
 -1
 -1
 1
 1
 1
 1
 1
 1
 -1
 1
 1
 -1
 1
 1
 -1
 -1
 -1
 1
 -1
 -1
 -1
 1
 1
 -1
 1
 1
 1
 1
 -1
 1
 1
 -1
 1
 -1
 1
 1
 -1
 -1
 1
 1
 1
 1
 -1
 -1
 1
 1
 1
 -1
 1
 -1
 -1
 1
 -1
 1
 1
 1
 1
 -1
 1
 -1
 1
 1
 1
 1
 1
 -1
 -1
 1
 1
 1
 1
 1
 -1
 1
 -1
 1
 -1
 1
 1
 -1
 -1
 1
 1
 1
 1
 1
 -1
 1
 -1
 -1
 -1
 -1
 1
 -1
 1
 -1
 1
 -1
 -1
 1
 1
 1
 1
 1
 1
 -1
 1
 -1
 1
 1
 1
 -1
 -1
 1
 -1
 1
 1
 1
 -1
 1
 -1
 -1
 1
 -1
 -1
 -1
 1
 -1
 1
 -1
 -1
 -1
 -1
 -1
 1
 1
 -1
 1
 1
 1
 1
 -1
 -1
 -1
 -1
 1
 1
 1
 1
 1
 1
 -1
 1
 1
 1
 1
 1
 -1
 -1
 1
 -1
 -1
 1
 1
 1
 -1
 1
 1
 1
 -1
 -1
 1
 1
 1
 1
 1
 -1
 -1
 1
 1
 -1
 -1
 -1
 -1
 1
 -1
 1
 1
 1
 -1
 -1
 -1
 1
 1
 1
 -1
 1
 1
 -1
 1
 -1
 -1
 1
 -1
 -1
 1
 1
 -1
 -1
 1
 -1
 1
 -1
 -1
 1
 -1
 1
 1
 1
 1
 -1
 -1
 1
 -1
 1
 1
 1
 1
 1
 1
 -1
 1
 1
 1
 1
 -1
 1
 -1
 -1
 -1
 1
 1
 1
 1
 -1
 -1
 -1
 1
 -1
 -1
 1
 -1
 1
 1
 -1
 -1
 1
 1
 1
 1
 -1
 -1
 1
 -1
 1
 1
 -1
 1
 1
 1
 -1
 -1
 -1
 1
 1
 1
 1
 1
 -1
 -1
 1
 1
 -1
 -1
 1
 1
 -1
 -1
 -1
 -1
 -1
 -1
 1
 1
 1
 1
 1
 1
 -1
 1
 -1
 -1
 1
 -1
 1
 1
 -1
 -1
 -1
 1
 1
 -1
 1
 1
 1
 1
 -1
 -1
 -1
 1
 -1
 1
 1
 1
 -1
 -1
 1
 1
 -1
 -1
 -1
 -1
 -1
 -1
 -1
 -1
 -1
 1
 -1
 -1
 -1
 -1
 -1
 1
 -1
 -1
 -1
 1
 -1
 -1
 -1
 -1
 -1
 -1
 1
 1
 -1
 1
 -1
 -1
 1
 1
 1
 1
 -1
 1
 -1
 1
 -1
 1
 1
 1
 -1
 1
 -1
 1
 -1
 -1
 1
 -1
 -1
 -1
 1
 -1
 1
 1
 -1
 1
 1
 -1
 -1
 1
 -1
 -1
 -1
 1
 -1
 1
 1
 -1
 1
 1
 1
 1
 -1
 1
 -1
 1
 -1
 1
 -1
 1
 -1
 -1
 1
 1
 -1
 1
 1
 1
 -1
 -1
 -1
 -1
 -1
 -1
 1
 1
 -1
 -1
 -1
 -1
 -1
 1
 -1
 1
 -1
 -1
 1
 -1
 -1
 1
 -1
 -1
 -1
 1
 1
 1
 -1
 1
 -1
 1
 1
 -1
 -1
 -1
 1
 -1
 1
 1
 -1
 1
 -1
 -1
 -1
 1
 1
 -1
 -1
 1
 -1
 1
 1
 -1
 1
 -1
 1
 -1
 1
 -1
 -1
 -1
 -1
 1
 -1
 1
 1
 -1
 1
 -1
 -1
 -1
 -1
 -1
 1
 -1
 1
 -1
 1
 -1
 -1
 -1
 -1
 1
 1
 1
 -1
 -1
 -1
 1
 1
 -1
 -1
 1
 -1
 1
 1
 1
 -1
 -1
 1
 1
 -1
 -1
 -1
 -1
 -1
 1
 -1
 1
 -1
 -1
 1
 -1
 -1
 1
 1
 -1
 1
 1
 -1
 1
 -1
 -1
 -1
 -1
 1
 -1
 1
 -1
 -1
 1
 -1
 -1
 1
 -1
 -1
 -1
 1
 1
 1
 -1
 1
 -1
 -1
 1
 -1
 1
 1
 -1
 1
 1
 1
 -1
 1
 1
 1
 -1
 -1
 1
 1
 -1
 1
 -1
 -1
 -1
 1
 -1
 -1
 1
 -1
 -1
 1
 1
 -1
 1
 1
 -1
 -1
 1
 1
 -1
 1
 -1
 1
 1
 1
 1
 1
 1
 1
 1
 -1
 -1
 1
 -1
 1
 -1
 1
 1
 1
 -1
 1
 -1
 -1
 1
 1
 1
 -1
 1
 -1
 1
 -1
 1
 1
 -1
 -1
 -1
 1
 1
 -1
 1
 1
 -1
 -1
 -1
 1
 1
 -1
 -1
 -1
 1
 -1
 1
 -1
 1
 -1
 -1
 1
