# Created by Octave 4.4.1, Mon Nov 26 12:10:43 2018 GMT <unknown@Experience5000>
# name: matrix_etl
# type: matrix
# rows: 432
# columns: 1
 1
 -1
 1
 -1
 -1
 1
 1
 1
 1
 1
 -1
 1
 1
 -1
 1
 -1
 -1
 1
 1
 1
 1
 -1
 -1
 1
 -1
 -1
 1
 -1
 -1
 1
 -1
 1
 -1
 1
 1
 -1
 -1
 1
 -1
 -1
 1
 -1
 1
 1
 1
 -1
 1
 1
 -1
 -1
 -1
 -1
 -1
 1
 1
 -1
 -1
 -1
 1
 1
 1
 -1
 1
 -1
 -1
 -1
 1
 1
 1
 -1
 1
 -1
 1
 1
 -1
 1
 1
 -1
 1
 1
 -1
 -1
 -1
 -1
 -1
 -1
 -1
 -1
 -1
 1
 -1
 -1
 1
 1
 1
 -1
 1
 1
 -1
 1
 -1
 -1
 -1
 1
 1
 1
 -1
 1
 1
 -1
 1
 1
 1
 1
 1
 -1
 -1
 -1
 1
 1
 -1
 -1
 -1
 -1
 1
 -1
 1
 1
 1
 -1
 1
 -1
 -1
 -1
 -1
 -1
 -1
 1
 -1
 1
 1
 -1
 -1
 -1
 -1
 -1
 1
 -1
 -1
 -1
 1
 1
 -1
 1
 1
 -1
 1
 -1
 1
 -1
 -1
 1
 -1
 1
 1
 1
 -1
 1
 -1
 1
 1
 1
 -1
 -1
 -1
 -1
 1
 -1
 -1
 -1
 1
 1
 1
 -1
 1
 -1
 -1
 -1
 -1
 -1
 -1
 1
 1
 1
 1
 1
 1
 1
 -1
 -1
 -1
 1
 -1
 -1
 1
 1
 1
 -1
 -1
 -1
 -1
 1
 1
 -1
 -1
 -1
 1
 -1
 1
 -1
 1
 -1
 1
 -1
 -1
 -1
 1
 1
 1
 1
 -1
 1
 1
 -1
 1
 1
 -1
 1
 -1
 1
 1
 -1
 1
 -1
 -1
 1
 -1
 1
 1
 -1
 -1
 1
 1
 -1
 1
 -1
 -1
 -1
 1
 1
 1
 -1
 -1
 1
 -1
 -1
 1
 -1
 -1
 1
 1
 -1
 1
 -1
 1
 1
 -1
 1
 1
 1
 1
 -1
 1
 -1
 1
 1
 -1
 -1
 1
 1
 1
 1
 1
 -1
 1
 -1
 1
 1
 -1
 1
 -1
 -1
 1
 -1
 1
 -1
 -1
 -1
 -1
 1
 -1
 1
 1
 -1
 1
 1
 -1
 1
 -1
 -1
 -1
 1
 1
 1
 -1
 1
 -1
 -1
 1
 1
 1
 -1
 1
 1
 1
 1
 -1
 -1
 -1
 -1
 1
 -1
 -1
 -1
 1
 1
 -1
 -1
 1
 -1
 1
 1
 1
 1
 1
 1
 1
 1
 -1
 -1
 -1
 1
 1
 1
 1
 -1
 -1
 -1
 1
 1
 1
 1
 -1
 1
 -1
 -1
 1
 -1
 -1
 -1
 1
 1
 -1
 -1
 -1
 -1
 1
 1
 -1
 -1
 -1
 -1
 -1
 -1
 1
 1
 -1
 -1
 -1
 1
 -1
 1
 1
 -1
 1
 -1
 -1
 1
 -1
 1
 -1
 -1
 -1
 1
 1
 -1
 -1
 -1
 1
 -1
 1
 1
 1
 1
 1
 -1
 1
 -1
 1
 -1
 1
 1


