# Created by Octave 4.4.1, Sun Nov 25 16:01:10 2018 GMT <unknown@Experience5000>
# name: compare
# type: matrix
# rows: 1
# columns: 3
 1 1 -1


