# Created by Octave 4.4.1, Sat Nov 24 10:48:15 2018 GMT <unknown@DESKTOP-TMGVR71>
# name: compare
# type: matrix
# rows: 1
# columns: 2
 1 1


