# Created by Octave 4.4.1, Fri Nov 23 12:18:55 2018 GMT <unknown@DESKTOP-13EU8JS>
# name: train
# type: matrix
# rows: 34
# columns: 42
 0.10000000000000001 0.10005894182095555 0.10005894182095555 0.10005894182095555 0.12894043408917552 0.10000000000000001 0.10000000000000001 0.10000000000000001 0.10000000000000001 0.10000000000000001 0.10000000000000001 0.10000000000000001 0.10000000000000001 0.10000000000000001 0.10000000000000001 0.10000000000000001 0.10000000000000001 0.10000000000000001 0.10000000000000001 0.10000000000000001 0.10000000000000001 0.10000000000000001 0.10011788364191111 0.10011788364191111 0.10000000000000001 0.10000000000000001 0.10000000000000001 0.10000000000000001 0.10005894182095555 0.10000000000000001 0.10000000000000001 0.10884127314333264 0.10147354552388878 0.10001002010956245 0.10000176825462867 0.10001002010956245 0.10000000000000001 0.10000000000000001 0.10000000000000001 0.10000294709104779 0.10000000000000001 1
 0.10000000000000001 0.10011788364191111 0.10011788364191111 0.10005894182095555 0.10860550585951044 0.10000000000000001 0.10000000000000001 0.10000000000000001 0.10000000000000001 0.10000000000000001 0.10000000000000001 0.10000000000000001 0.10000000000000001 0.10000000000000001 0.10000000000000001 0.10000000000000001 0.10000000000000001 0.10000000000000001 0.10000000000000001 0.10000000000000001 0.10000000000000001 0.10000000000000001 0.10076624367242216 0.10005894182095555 0.10000000000000001 0.10000000000000001 0.10000000000000001 0.10000000000000001 0.10000471534567645 0.10000884127314334 0.10000000000000001 0.11503016434366549 0.10005894182095555 0.10000000000000001 0.10003536509257334 0.10005186880244089 0.10000000000000001 0.10000000000000001 0.10000000000000001 0.10000000000000001 0.10000000000000001 1
 0.10000000000000001 0.10005894182095555 0.10017682546286666 0.10011788364191111 0.10000000000000001 0.10000000000000001 0.10000000000000001 0.10000000000000001 0.10000000000000001 0.10000000000000001 0.10000000000000001 0.10000000000000001 0.10000000000000001 0.10000000000000001 0.10000000000000001 0.10000000000000001 0.10000000000000001 0.10000000000000001 0.10000000000000001 0.10000000000000001 0.10000000000000001 0.10000000000000001 0.10724984397753277 0.10035365092573331 0.10005894182095555 0.10005894182095555 0.10000000000000001 0.10000000000000001 0.10000294709104779 0.10000412592746689 0.10000000000000001 0.11503016434366549 0.10153248734484432 0.10000589418209556 0.10000294709104779 0.10000000000000001 0.10000000000000001 0.10005894182095555 0.10005894182095555 0.10000000000000001 0.10000000000000001 -1
 0.10000000000000001 0.10005894182095555 0.10023576728382221 0.10005894182095555 0.11367450246168782 0.58055266625060675 0.10000000000000001 0.10000000000000001 0.10000000000000001 0.10000000000000001 0.10000000000000001 0.10005894182095555 0.10000000000000001 0.10000000000000001 0.10000000000000001 0.10000000000000001 0.10000000000000001 0.10000000000000001 0.10000000000000001 0.10000000000000001 0.10000000000000001 0.10000000000000001 0.10029470910477777 0.10029470910477777 0.10001178836419111 0.10001178836419111 0.10000000000000001 0.10000000000000001 0.10005894182095555 0.10000000000000001 0.10000000000000001 0.10176825462866654 0.11503016434366549 0.10005894182095555 0.10000000000000001 0.10000176825462867 0.10000235767283823 0.10000176825462867 0.10000058941820957 0.10000000000000001 0.10000058941820957 1
 0.10000000000000001 0.10005894182095555 0.10023576728382221 0.10005894182095555 0.11172942237015464 0.1247555648013314 0.10000000000000001 0.10000000000000001 0.10000000000000001 0.10000000000000001 0.10000000000000001 0.10005894182095555 0.10000000000000001 0.10000000000000001 0.10000000000000001 0.10000000000000001 0.10000000000000001 0.10000000000000001 0.10000000000000001 0.10000000000000001 0.10000000000000001 0.10000000000000001 0.10176825462866654 0.10188613827057763 0.10000000000000001 0.10000000000000001 0.10000000000000001 0.10000000000000001 0.10005894182095555 0.10000000000000001 0.100005304763886 0.11503016434366549 0.11503016434366549 0.10005894182095555 0.10000000000000001 0.10000000000000001 0.10000000000000001 0.10000000000000001 0.10000000000000001 0.10000000000000001 0.10000000000000001 1
 0.10000000000000001 0.10005894182095555 0.10017682546286666 0.10017682546286666 0.10000000000000001 0.10000000000000001 0.10000000000000001 0.10000000000000001 0.10000000000000001 0.10000000000000001 0.10000000000000001 0.10000000000000001 0.10000000000000001 0.10000000000000001 0.10000000000000001 0.10000000000000001 0.10000000000000001 0.10000000000000001 0.10000000000000001 0.10000000000000001 0.10000000000000001 0.10000000000000001 0.10713196033562167 0.10111989459815547 0.10000000000000001 0.10000000000000001 0.10005894182095555 0.10005894182095555 0.10000943069135289 0.10000353650925733 0.10000000000000001 0.11503016434366549 0.10111989459815547 0.10000412592746689 0.10000412592746689 0.10000000000000001 0.10000000000000001 0.10000000000000001 0.10000000000000001 0.10005894182095555 0.10005894182095555 -1
 0.10000000000000001 0.10005894182095555 0.10017682546286666 0.10011788364191111 0.10000000000000001 0.10000000000000001 0.10000000000000001 0.10000000000000001 0.10000000000000001 0.10000000000000001 0.10000000000000001 0.10000000000000001 0.10000000000000001 0.10000000000000001 0.10000000000000001 0.10000000000000001 0.10000000000000001 0.10000000000000001 0.10000000000000001 0.10000000000000001 0.10000000000000001 0.10000000000000001 0.10978434227862147 0.10053047638859997 0.10005894182095555 0.10005894182095555 0.10000000000000001 0.10000000000000001 0.10000294709104779 0.10000353650925733 0.10000000000000001 0.11503016434366549 0.10053047638859997 0.10000235767283823 0.10000294709104779 0.10000000000000001 0.10000000000000001 0.10005894182095555 0.10005894182095555 0.10000000000000001 0.10000000000000001 -1
 0.10000000000000001 0.10005894182095555 0.10017682546286666 0.10011788364191111 0.10000000000000001 0.10000000000000001 0.10000000000000001 0.10000000000000001 0.10000000000000001 0.10000000000000001 0.10000000000000001 0.10000000000000001 0.10000000000000001 0.10000000000000001 0.10000000000000001 0.10000000000000001 0.10000000000000001 0.10000000000000001 0.10000000000000001 0.10000000000000001 0.10000000000000001 0.10000000000000001 0.10689619305179947 0.10094306913528882 0.10005894182095555 0.10005894182095555 0.10000000000000001 0.10000000000000001 0.10000825185493378 0.10000353650925733 0.10000000000000001 0.11503016434366549 0.10088412731433327 0.10000353650925733 0.10000412592746689 0.10000000000000001 0.10000000000000001 0.10005894182095555 0.10005894182095555 0.10000000000000001 0.10000000000000001 -1
 0.10000000000000001 0.10005894182095555 0.10029470910477777 0.10011788364191111 0.10000000000000001 0.10000000000000001 0.10000000000000001 0.10000000000000001 0.10000000000000001 0.10000000000000001 0.10000000000000001 0.10000000000000001 0.10000000000000001 0.10000000000000001 0.10000000000000001 0.10000000000000001 0.10000000000000001 0.10000000000000001 0.10000000000000001 0.10000000000000001 0.10000000000000001 0.10000000000000001 0.11591429165799876 0.10135566188197767 0.10005894182095555 0.10005894182095555 0.10000000000000001 0.10000000000000001 0.100005304763886 0.10000294709104779 0.10000000000000001 0.11503016434366549 0.10135566188197767 0.100005304763886 0.10000294709104779 0.10000000000000001 0.10000000000000001 0.10005894182095555 0.10005894182095555 0.10000000000000001 0.10000000000000001 -1
