# Created by Octave 4.4.1, Wed Nov 28 22:06:28 2018 GMT <unknown@Experience5000>
# name: best_x
# type: matrix
# rows: 9
# columns: 83
 0.57799968987703665 0.70412055070839152 0.94913255208655367 0.28012453631182604 0.21276401934368111 0.14272308852622334 0.48466732613023383 0.1933070962939632 0.68045636028943812 0.73091677817635325 0.25574677509757399 0.94458463388810376 0.35564289541115929 0.64110781872393963 0.79739324951945256 0.4007287579991004 0.1522873222095435 0.68998539997201724 0.68585565551710559 0.62303230037911017 0.69929852522183833 0.37959717771367413 0.9357388568621503 0.71060327793863864 0.45034977132151205 0.8957893949462068 0.73963689784366882 0.24275829315999936 0.43196590169106147 0.91789355826458896 0.12809418346181473 0.55295214155067229 0.92096455452496229 0.2036329787205175 0.56885004383543891 0.53540313234029613 0.75483197370822797 0.92259464445239658 0.76673693329920412 0.15331061360850412 0.84283702425823148 0.88700401515187832 0.21347708255350201 0.99591347261271201 0.53727536718043234 0.16911485523633291 0.69491750541815978 0.79433870871884094 0.0055575557972525223 0.31647025289601399 0.4189594196281437 0.28351951799968006 0.24874811992800455 0.90233357037442874 0.507462814671506 0.030965565950977481 0.39691672830683239 0.49105703387108185 0.19897486922672142 0.074946010888061895 0.24693185912733845 0.81494348475213851 0.74406024232905088 0.88020627102017712 0.7362716805049262 0.93089600431625519 0.29716708949807474 0.46976274303026327 0.41719713290364741 0.59978846558169807 0.94356732468617877 0.70020891487225256 0.49108300446158021 0.06874083910561217 0.81423940632460423 0.84009118922229453 0.77520834756934531 0.027919797070884701 0.52939240082905581 0.73039570231833628 0.16560553033250541 0.84722976298009878 0.48936978765688938
 0.10356050501011387 0.94132646549200794 0.18691896130521585 0.50262962687961943 0.093225412040105191 0.76691649498379844 0.30771409523763521 0.21625815412589772 0.90393820466796238 0.53982828199796629 0.22320701234510193 0.60045454172319468 0.36830081258519626 0.76900211847542521 0.061550921346345142 0.6492431191658099 0.84264212512064185 0.80761553982645773 0.78662572013226073 0.19695575155170747 0.26325435201485187 0.24999473604327221 0.30193281670310185 0.19496221116960571 0.71849734688395861 0.64176588804500989 0.76316898952535162 0.36721882226377506 0.076380338748817375 0.87474853749435089 0.10568905385051201 0.30495864095556219 0.5198652451058402 0.9746517284375309 0.42981381617655551 0.1389269118735858 0.79083270070271794 0.60415893044427293 0.081621845326764683 0.8243110609633969 0.83822754659413401 0.65189098489319197 0.31550989153382819 0.31851875426953741 0.73597833614023744 0.37754885553253653 0.47057016389377376 0.013231396278197072 0.9452154512880695 0.1557133015761491 0.82383856865777805 0.14310417109305479 0.7586540414490085 0.78488339259303019 0.12951439375575319 0.24443782652189933 0.13517022815522223 0.58078257777373343 0.30705687957424804 0.4519839882105437 0.74566333068207791 0.59595986130677547 0.36786132735889349 0.20749674837755666 0.18333168121271054 0.72789223647685641 0.67549922208197388 0.042827228758109112 0.46009971755504825 0.72180848497076577 0.20796542235760146 0.71274975178729494 0.91600350351470761 0.61604046247048172 0.56457889290378738 0.37884954998246584 0.30553851251591518 0.98888255237275513 0.52400784519763777 0.049297048954185671 0.99123105904908548 0.78589655355756549 0.49855243520901676
 0.18599565731285034 0.26472038307034634 0.11848103323401075 0.47639946038488162 0.80807769452671352 0.75239309809889887 0.55844248684148512 0.51089778805808683 0.37122822310008702 0.38752151602699575 0.49279066599832727 0.99566447431462979 0.30896342155539963 0.089182689664038126 0.48964199613559994 0.25538855667272636 0.5335516977699446 0.40626423108179704 0.87966155663380929 0.55803409992660113 0.14975908313226188 0.011349713535329365 0.55189845724833309 0.95366577319176893 0.58671441638102795 0.80472477549300747 0.748063475230761 0.94324489519752874 0.85847562865245952 0.51883787459994835 0.10868422847386565 0.75022165511295569 0.55772840134166901 0.50288871059237394 0.21215978720820688 0.019547276815853932 0.94300308696641544 0.39358551518552459 0.97553559851511706 0.88087566246312421 0.25980554488698809 0.10153775755987053 0.48322253451458924 0.77926991635156839 0.56352081858246172 0.17834040460849815 0.67623213951509242 0.065288677151875738 0.76342387467426531 0.38738330102823199 0.8011447300709843 0.60977875526247705 0.43592176600065441 0.48486283254179879 0.76038875819298091 0.5529704968708139 0.075049317194084406 0.0042978207709761128 0.79320454437215471 0.41260716958019711 0.36794048003697338 0.0018053307238194316 0.26383113969643796 0.80440318907011443 0.80116344666878292 0.65550714193519977 0.81382703730763539 0.94935770392305685 0.051924044042118964 0.32110877777006547 0.091480985851135996 0.47511882930838506 0.44875676128266667 0.46423781944139003 0.034675887948474801 0.51229862722443098 0.59072056861549449 0.89612616124014777 0.83210105256167721 0.90491386467293455 0.25079422780822819 0.14047640950389445 0.69818075660311174
 0.16410145956335392 0.66074724354233383 0.27890713384680549 0.16042192986803078 0.58020622976961611 0.45001577402897458 0.73226656676939039 0.54301185154820142 0.49006721213352439 0.011644737092470759 0.52838614878511192 0.61678232167301184 0.31407995852839338 0.10771341443725395 0.30059917707728884 0.37790398258788965 0.28878834184255403 0.66662797429552278 0.31356911125405323 0.23031288730860838 0.70128391655915534 0.93124621096390581 0.2313639841839879 0.96652836570582656 0.27161412130979928 0.4305981318158108 0.61871177917991604 0.56665715706338071 0.16365372995007782 0.94785915991520864 0.09148479220934029 0.9113172339457738 0.78642498202573419 0.9272584565031482 0.44984158272127323 0.51270735013654067 0.56102364249130088 0.97039659867123573 0.085227300975919393 0.6153014409779991 0.96524570073093807 0.77511211947026137 0.451692809662881 0.25880117775371642 0.80226341260800371 0.17938327525302339 0.17327500100017651 0.078755713224697807 0.39812488793003148 0.07853213527095608 0.0032969289931837229 0.45924269031066961 0.11564026137889265 0.0030755706479355547 0.84142021647852105 0.8050190883340167 0.739596360496942 0.17701541547072702 0.71119383891946619 0.81826105742299582 0.77278398780659563 0.92845925379857241 0.1764441907242103 0.13851875908516337 0.47870779195751861 0.29004407756578682 0.80352298862969118 0.96228351337129536 0.41592753070674443 0.3928382693493338 0.011637477191835988 0.3598668255836685 0.30515600592480535 0.95980898194120623 0.25375313029362817 0.36373740200283139 0.92455218775979631 0.51437371655467246 0.23943151409625402 0.92141227495644618 0.94994515884553121 0.31775243785517721 0.35087711406330463
