# Created by Octave 4.4.1, Tue Nov 27 23:10:22 2018 GMT <unknown@Experience5000>
# name: best_x
# type: matrix
# rows: 7
# columns: 83
 1.944177308437661 -0.30877430541850703 0.55908121953900736 1.016000155963356 0.93042646860945943 -1.6464028209756361 -1.4224096517415257 4.2372710144824453 4.4508306226625436 2.9920365169536947 2.696727150685728 1.4618161351531054 2.2161881617525019 -0.50043283071705824 2.2286319199807743 0.077673445923374218 -0.53972146549521538 2.7440317378548489 -1.2170118885685355 -0.18629183199675969 1.7221098431310171 2.9387059345962285 1.2156115049305773 -0.69194996344702986 2.9896609709739081 -1.6017030575557687 0.26391629961187157 -0.63914795134936764 -2.2062610446280075 3.8404073005876462 0.79577205568882192 2.1163258796468316 -0.37811632237254234 2.8316813424962 1.9420236819237751 1.4788703287946889 -3.903483730493404 3.3434082815706088 1.8735775161360682 -4.4794128172706706 1.3329201841744673 0.050036616971404491 -0.76425013245052442 -1.959664586413429 -3.8039249629013234 -0.49953878277373853 -0.16499712378492171 -1.7332900951326309 2.3316226363583521 0.266933352785647 0.55892231007092041 3.6591960235384775 -1.9027243219488472 0.28152637372810529 -1.2538162448404107 0.67769682484095028 -0.39336113052216115 3.4272080557871654 0.66602824015616235 -2.0130352145131258 1.1832701217896036 -2.1845519701059288 -0.72604633407826835 2.7781206891557453 1.8235397583921173 0.68158992001551821 -1.3869588597322444 -0.027472896492480983 -0.50012972011390477 -1.8710430709666177 -2.4912247041324704 1.1900143613353604 1.8204919970955782 4.9214325536652339 -0.72848305073419439 -0.60811599925774917 -0.96516445806422091 0.90111562321152938 -0.44972900119832948 2.5769347955586586 -2.8858772409225129 -1.9133589710116707 0.51770806808003123
 -0.31813586693293949 -2.0719641892521876 1.2003728241751794 -2.6998866953016467 -0.76733639177209056 4.4595476774020213 -0.96288295188923723 0.58541744197979817 0.055980601800369983 -0.73651795466755843 -2.6564543470331152 1.9516621459619046 -1.2842955126781357 2.5702156502711997 2.0556577515628129 -0.31770375797995909 3.8330966628962209 1.5093583011028064 -2.4290880112579263 4.2360120920644668 3.0719927296422771 1.2253843189538998 -3.3079397995805078 -1.5096910618530766 -0.83159428336751828 0.87105063486779954 0.97832548325207114 -1.2946446091726225 3.6808875949043554 -0.59333878597615142 -1.0497856507948811 0.88826522845559897 1.5230384633319112 -0.65889848175684307 1.3945652769452312 -0.28973245454606777 -1.7319105688826646 1.1566563853145233 2.8073444316880156 -2.1103317331933109 -0.08174204950148678 2.2032930638200181 1.5596855236849176 -1.7084990376530911 2.6358772741688217 0.45902265829004829 2.3459479385611637 0.59990324033095721 0.13302318274467129 1.7903467440031413 -1.3867589219186103 -0.45987726198067191 -0.15034769148444987 1.4214152417431274 0.77035736889920026 3.907482623622446 -1.5616622675796314 -0.32680445614277964 0.78249811029090655 -0.21219951298577777 -0.61369527809461166 3.8495304107321822 0.85017343519021349 -0.59483857515953398 2.0367884275209569 -0.92882491797901423 -0.61999698836680128 -0.95577075559209312 -0.21413532463699991 3.4014225714635185 2.6741823071548243 2.6696870147394307 2.0624553949242301 0.82209405777169842 1.5941900109166296 -1.5171568794832675 0.25440414006085321 -2.5228697383252818 -1.4327565018200996 1.7867696713160806 -1.6843895679491547 -3.3835977378223454 0.27413973329701991
 -0.82495951663510914 1.0781506630148012 1.303246786499562 0.05963970919730005 1.5893444793238842 0.93092813459067258 2.4117129350680919 1.2809749355895139 1.7174324062027777 1.4826864553336057 0.35298751824221619 -0.73259354839213309 1.8505531045629997 0.17067184431902871 5.3375082480651734 -1.0438284769443387 0.010273348292146878 0.91379210151697965 1.7445906236953448 1.7296123865858863 -2.9515875337103665 2.3870582933440545 2.0636665255464255 1.501263130520555 3.2530152741289768 -4.6812936596249095 3.284052645870446 1.2479458380821278 -0.2086220127149131 2.5055315982915722 -0.97434462703171443 -0.21233359148241671 0.65592538690438529 0.39882003198081506 2.4543308845990079 -3.4664744455093928 -0.85756880096515697 -0.47745389023646578 -1.8346695165301465 3.6493657586248762 0.27087287953945172 1.6459727931279229 1.4645999324260446 -1.054093747178019 -2.3445505727814719 -1.8582514093436071 -1.0364115886899121 -1.2628251145972049 -2.6810836099443272 -0.7189240559147434 2.0988126725754217 0.8973162485271482 -0.38286798548990086 1.3784083517889467 -1.6289219441080132 -1.3652095206229546 0.39393130343453864 2.2605220271766182 0.87707734022812733 -0.52894091067808047 2.8953271672953704 -0.76696845506207323 -0.022606044491253696 -2.4443744946378985 -2.3450404296104956 -1.5023645533947683 -2.9917989431360343 -3.8185175766081692 -3.2822431827593981 5.4745972961715523 -2.0876855243865489 -2.3239566731288317 -0.81969703704620223 -1.0478858736882568 3.842185099488006 -0.41302696956374474 0.79190898179067704 4.7375490558125435 -0.41050171231850863 -1.5988116535336232 -0.69929919612360969 -0.32487768999494326 2.1166269180480199
 2.2527903096047535 1.5454489630066366 -0.89538771038001519 2.0943838604573175 -3.6020494786933259 -1.8805894789342847 -2.173835879113696 0.84095983488878012 3.9316343633881559 -0.24061377017270358 0.94330144899096346 -0.40411896569419548 -1.8847537720669258 -0.91493570438415217 0.95591511048621047 -1.5885366262916598 -2.1547448104005769 2.8862033373580083 -1.0913399529847201 0.63687531110012996 -0.96818401031618428 1.6376156330973322 1.8242128477603892 -0.33840128850242057 1.473724762652453 -0.29582867034504434 0.28186130175736213 1.0209005855478206 -1.8240965826436142 -2.2541810244585925 1.8103131673910688 1.1702411002210091 -2.0814302071414588 -0.58726621543333568 0.70067747192301244 3.3916427282939736 0.61232681039422632 3.4813059448456443 1.9832132902169679 -0.10256355980409643 2.740409523796604 2.0122965125696446 0.19726965161350352 -2.6792501661850814 1.5855465925733929 0.19732838527094987 0.38402215373991355 -0.3258042724026684 3.5300758817963729 -2.6692191949315287 2.5475699985942626 0.7938674866237414 -0.91352134487496173 2.471647391419765 2.9882933631388067 -0.27305275906335957 0.82841349472699299 -2.7003943616290709 0.64903085089565149 0.64082525334740659 -3.3399614054140336 1.6080821965338243 -4.2257668966708906 1.2505349642493888 1.8886370468268652 -1.2695830076428312 -0.73166076202053132 1.2614822433255961 0.43983186135403729 0.0093679253512153754 -2.1419091711570282 1.8113516844372022 0.50985915501387225 1.7506719784707387 -0.021488864780380895 2.2089882828514753 0.098130212468785227 1.6981562244119406 -2.6839550982345344 -1.4873251284637599 0.72990307859057069 -2.3132175548677818 0.8109839513461683
