# Created by Octave 4.4.1, Wed Nov 28 00:36:11 2018 GMT <unknown@Nemesis>
# name: best_x
# type: matrix
# rows: 9
# columns: 83
 -3.9978575453442602 8.2293802643483929 11.236845059507871 3.5960335170808762 -2.3839875702960924 9.8498936078537298 6.8466659407460924 3.5637369486536414 9.9540086078137051 -5.3757550195784347 4.8541176944594326 -6.6683060917253343 5.8618513191081334 6.4840538981797167 9.6226097939926518 5.7560547764068701 2.8093628147271126 -4.0373516305058068 11.439913843667071 -0.63408007023421842 3.0217784282033193 2.4056043335979815 6.6684780081570381 15.119433287627146 3.3864303200266548 10.304293550510778 3.0939841288277492 20.704310854707785 4.391934826186656 3.0196573745134749 -1.7384794107876615 7.2551034265065795 -0.91314160644541253 12.904871843136277 -8.627454975430048 -11.195198262909088 -7.435667121249864 -4.5912631825574337 1.8035602470854535 10.741222824453786 -0.89355897870590262 11.806782432848237 0.11959169397235891 -8.8873251762774572 2.4058457931781483 -2.221811954691912 2.8305511761473774 5.0331795896023763 3.8546493373923241 -7.52297986373231 6.2180998708178947 12.034459177983962 3.2103999963796497 10.329442712540612 13.73605539753666 -2.7446287572826193 3.5019168377593211 12.471852689410952 12.811874084930025 2.6707026343464122 3.9382300448530003 -0.30749786466069251 1.1516256732251033 -8.1236977210185159 13.567288639503147 -0.67788158824766942 -0.39441009617518752 0.98097181351900797 2.2262807959883339 -4.4445328097432295 2.5048283568182477 13.707417255048469 6.753653344639396 9.1622046565026949 9.3675643374243407 16.465432332534093 0.29728534123636274 -10.267368376408513 7.7200873326222847 1.228258222077331 -4.565843462665292 4.5898392502957961 3.127301250853936
 -0.32250669164036072 10.306223393349455 5.5189024551388712 7.9810379381499956 5.3697168982855317 10.167669305610772 10.368895904743439 -5.317609432124307 4.8046695384607219 3.5932617541393199 2.5005897825262835 1.5196551845903095 -0.62484739646550391 -2.5422661849658716 3.8341748519369858 -2.5634275007634955 -7.5133234514702849 -5.5841061547045143 16.62593945233445 9.6808022326258794 -3.1169119498982809 -7.4622357734606481 14.945150559139648 0.27907520333260605 17.634674077266055 -8.9973532973993429 2.4751636028588635 6.9122867018742298 -7.336107363376513 13.707723861505599 7.7833588988120823 3.1638176690596111 11.938387642052788 -0.94201123215897642 7.7430838731914946 4.4950776272151245 7.9199808408879591 -3.4483716245924043 -9.0747819708602435 -5.1749614770568897 1.3754305964498776 11.536502469900526 -4.9625273044377849 -1.244267947689 2.0865397347182455 2.6770597490472738 6.3211606787560868 9.8958416273552956 0.90361324973508417 13.145440310421094 9.9803976700312518 8.6740661897062807 11.071512239341274 8.7823058273632029 0.66726972150116826 -2.0002742922804728 -2.3213838686316421 7.6904718007373916 -5.1784410171214148 -2.9199309940045275 -5.2193793383711693 12.188842177276683 11.478084266665206 5.1878332661273703 3.3722573926464605 7.6454941901661968 8.2776433983933089 -0.21404467548920647 5.7379859296950144 3.603470588462752 9.0225715509984781 13.694021582277301 -3.6078356694089422 11.917447977117973 1.898143094423796 2.4142699252146897 12.812902205297377 8.5536425446096445 5.4869293006029025 10.488268473650834 -3.4631444742569926 8.9760445131288549 13.426696412111852
 -1.1327296673106808 -6.4267065883697114 8.0731737801229855 -0.099631346816243305 4.2330000675150004 4.4048970199786766 5.8601129316804474 -6.1990151678670742 0.019248743037938831 3.4044962039985442 -1.4838989079668252 -1.6018698259272046 1.5177049388168022 -0.025558428611408002 9.0077552137889256 -3.8769865192921102 4.4418878416193692 4.2680119897441742 15.226280590658916 12.666424310115417 7.0299427155466248 -6.8836724086071612 -5.2387148781049362 -5.2055858681170974 3.3339633446018411 3.5886578483634892 11.054118704901811 -5.6714784476940707 10.307792141585736 15.808436146947443 0.057236795553450404 4.5784269393403605 13.384759203838541 19.699477246360175 16.556904616745754 7.205989507961192 -0.4327818089322113 6.1850814674095176 10.315478957197612 16.956886719996049 6.6020575568722322 5.2396379216564526 -7.4083845106194985 -0.2145871914774693 -3.0306528790959817 0.7170691121189412 7.8105727787881847 2.6998734850319437 9.6723836262459173 5.9380147226827589 5.375397107738614 1.4178717919761521 11.035178047325047 12.054094838420781 13.138393149612767 11.575539296971456 1.925471046094458 -1.6567280271294287 -6.1595575819494144 0.15769193096088441 -3.625319727150611 8.1161142294811484 7.2606361396250279 9.4543591729695038 -11.142364591393743 -4.4620358026040492 1.3305145393749722 4.8683652372398569 14.526360769204373 6.2713609725739303 7.1990182519811015 11.313526516231505 -5.7124521924527301 0.56943649479006631 -9.8404954950793666 2.3033678828002877 -6.1887870212336367 0.82734206057686865 17.641903974954971 15.083058800746926 -4.5449588951036404 6.8197508337190342 -3.1709318928488699
 -7.3811128591126689 8.4723826956011763 -2.6754033553278909 5.0288558970439894 10.959109883379142 7.4632397169664912 -7.8158979372017399 -6.8646999180738604 16.856610065227414 18.582744101287517 10.438728810905161 -0.54885154693141214 -2.4390278084617414 1.2035745967911975 -1.6430769155598171 0.9122715559994532 9.0518366214978698 12.04910839226622 -4.3091783980672034 -4.7925861234035381 7.8692455601648987 1.5266353976035063 -7.9095093976641948 -6.2989541351987341 6.2883452558705102 14.948202932359123 6.578839185221284 4.8450125620679216 13.97234067258502 -0.055416240454516985 8.2759698719156489 -1.4256786658446057 -2.8379269026702687 -6.4603468141366989 3.5591137660412926 -2.9195307417394503 -3.1709977150338489 6.2321872159247818 11.807714935816094 -6.2549777587847757 -6.356072742655428 5.4392281992325806 -0.0065072232540437612 5.9699375556973493 -13.033438396365028 2.4135750752349097 -7.1404987723407203 1.30177141423545 10.568212442768896 9.3006502766833847 0.77535316648892749 -8.1737534035389245 12.792415573000028 0.71759770127858324 -1.114551188825315 11.061758102033707 15.113100647342122 -9.8072161134952012 9.9493958467012931 16.184939819610022 5.2185095310810254 -11.882204241455966 3.7239091218640787 0.16708016565502049 0.012465157910921398 -9.3088834749100187 8.3234297261839174 14.541701940026726 16.618248561446876 7.5321418780227205 14.941258438052017 1.8099759461310452 5.5214649974556238 9.8963862135364735 17.520561898452058 -1.2605819651103758 -1.3958171651148348 4.7580594127304892 -7.319221397911349 6.2558733053245987 -3.2705915220014994 -2.1040017372193063 13.770220177500619
