# Created by Octave 4.4.1, Wed Nov 28 23:18:10 2018 GMT <unknown@ENHANCED>
# name: best_x
# type: matrix
# rows: 1
# columns: 83
 0.48126344273273075 0.27549816980217517 0.025789576095138923 0.11884205807897201 0.41836449418677429 0.97948258106398367 0.04722264996583285 0.82090265823449915 0.16416869265201967 0.042019107123793795 0.90024845238911511 0.19648473070733991 0.078180987536193777 0.8856438041923993 0.0096561407192383049 0.97137183457091292 0.94360088967302802 0.66987393352815061 0.55213019246265327 0.92460895264376441 0.84910989367680645 0.45483895278213454 0.76151262257422425 0.32997689448721806 0.28958860813728499 0.71892759874679502 0.69793715095782771 0.71899645780560517 0.087146506859006531 0.46257565617558632 0.53513718273195554 0.75020889826199177 0.52223950421747078 0.15089389066859732 0.35672181192446523 0.85248955490169898 0.55584833749176077 0.94396838152019569 0.35873666666621523 0.26424033804183517 0.80443281274159628 0.34771092775336881 0.73465497524232681 0.47510075181252959 0.83753568488835362 0.61737520392623668 0.95749257255438325 0.93318415574366997 0.31892430659099286 0.025583617749878208 0.21849373043690018 0.68428555958234083 0.005354333910147324 0.90982030022322613 0.092565328875233319 0.53787520473864436 0.14105784406063798 0.84606064174899864 0.027524862632484149 0.15633213747947533 0.30987046278801228 0.47527426392651301 0.60417155629860075 0.25310738705690344 0.16583733922607952 0.671477657563189 0.47830901054103819 0.83057432081608129 0.95489157636776878 0.83929179894806927 0.70061678716669151 0.13951834581722805 0.3487507471614108 0.081856237866338707 0.17057844380096282 0.9020001789186004 0.36717923533168501 0.7410214237129682 0.30503530902237425 0.9889286732551994 0.66083727353793187 0.43410009933897037 0.77543481126136848


