# Created by Octave 4.4.1, Sat Nov 24 10:56:14 2018 GMT <unknown@Experience5000>
# name: best_x
# type: matrix
# rows: 7
# columns: 4
 -4.5143376797214039 -1.9379994377377061 6.3688100526036493 1.4875330585020583
 1.1957136699406412 -4.785017095824232 1.9394070598743269 -3.2888088933856743
 1.8571429895858911 0.49020309674481566 -3.5394046118840432 -1.4365399726266777
 3.641708162391172 2.2461836590930293 -2.6644625268918603 -5.0828615067506568
 -0.91275345409061837 1.1482499554429904 3.1533982040396253 -1.6977016546657158
 -0.66004323817085409 -0.0027702280744679036 2.1442396876293337 3.6454004540946769
 0.14812836257288065 -1.4104930104687856 -5.1996800201171318 -0.80278152886652876


