# Created by Octave 4.4.1, Tue Nov 27 14:48:51 2018 GMT <unknown@InteligenciayProyecto09>
# name: best_x
# type: matrix
# rows: 5
# columns: 9
 0.27586800913783827 0.22894025986164435 0.50893437302538502 0.64111561427690833 0.3088717746062204 0.21289130522615862 0.53848532447240771 0.0066440982472728005 0.5288711719196304
 0.38357616537791994 0.12580841690852423 0.41428108115031748 0.61466269081075797 0.24813698435796283 0.65046167556641654 0.36237435119392847 0.38370179729792731 0.27668802267862769
 0.024282262464278226 0.12298583663030638 0.40545187300141017 0.36334967196174039 0.066105526657312175 0.62000433366078433 0.59836628980538475 0.47482544773339064 0.66017671658124932
 0.21847053848494036 0.30995401236897768 0.097460920191578926 0.073418154851593531 0.55095005903315186 0.22763971289597185 0.47417282144601713 0.56448586216170238 0.66552954928906627
 0.23530337304925175 0.25042166612666028 0.18991873749148847 0.58956434182337203 0.055742405338385814 0.36694456796809949 0.67060133222714335 0.10891481012487605 0.34118766056786975


