# Created by Octave 4.4.1, Sat Nov 24 10:48:15 2018 GMT <unknown@DESKTOP-TMGVR71>
# name: best_x
# type: matrix
# rows: 7
# columns: 4
 1.3949719306275803 1.6019334671166634 -1.035931995032545 0.47937128838835297
 1.8217114936428791 0.70396058775608328 -0.21147117437323931 0.80933980670851691
 1.7745348655833659 0.030052645052079607 1.5832627861689499 2.0929961661844576
 2.0190700870876892 0.24713796175049851 0.43565291150056629 -0.32482114580723231
 1.4587238655561032 -0.42432002712413541 0.4925365649744351 0.022052525218140884
 0.86088180066943432 1.2379230391563927 0.20264956952697888 -0.094945032909327418
 0.84536545498266369 0.46931361118852633 -0.48642869437455483 0.44506580271751273


