# Created by Octave 4.4.1, Tue Nov 27 21:56:45 2018 GMT <unknown@InteligenciayProyecto09>
# name: best_x
# type: matrix
# rows: 9
# columns: 83
 -0.20911769625701215 0.67259343201853161 0.30416138059619691 0.59796206210741798 0.12732953259144963 0.38786727958976663 0.021795755986988838 0.75379149214622077 0.67280141195667964 0.72449747093019479 0.13520919293168754 0.40415137574070581 0.19989745957149674 -0.082179765935433136 0.83496006489663088 0.14706813022119791 -0.16736021762667452 0.48997654052384232 0.28526691842081875 0.043262782209043636 0.25689249325033758 0.16221928987555045 0.13564355366234726 0.011012281090700252 0.35623111769910265 0.60357061391726763 0.50445370901693298 0.35084167369448105 0.4665404044175443 -0.060518338802980132 -0.1459357546259481 0.41814942774333885 0.57315723852856548 0.47490782044736513 0.60090035935409292 0.34897494607877522 0.11032571340870373 0.6911349532667459 0.27200862920235458 0.18273012569759794 0.36809738410913972 -0.061761024260146347 -0.010030554624429193 0.5349199612868778 0.23575760791170042 0.077833226076979678 0.55181758821820148 0.26703341929508106 0.28144330283548458 0.065689677925447804 0.50317190689237057 0.89654392282673268 0.20778325718018353 0.46255461063346481 0.38107113049318198 0.32929292894344253 0.43150978136276885 0.10829679481225418 0.62104247539346336 0.53386367813782987 0.71689703896341861 0.22765533126418469 -0.15535379604054034 0.27651303485552781 0.12142391737975888 0.46145244236484695 0.086923582257804388 0.076426344774366162 0.20424022677157039 0.66864014242309944 0.059316836357676497 0.25865348713842795 0.66552471038487937 -0.037765176090891694 0.57501496338565161 -0.0067899973854753798 -0.021083335675576964 0.48556013568973033 0.66060978263680248 -0.10172229131785937 -0.020729411143100507 0.038066615124536518 0.21600926266107612
 0.086439966145125002 0.12296242088928466 -0.085679630169411714 0.81984382658373089 0.10458851300308752 -0.19080852833848128 0.65154933457843622 0.22792862988168738 0.7555389139256472 0.43029731251810999 0.25089430164606852 0.16975825131087319 0.15772006824159668 0.83647538639264107 0.41435573632329548 -0.020331746729226857 0.41114453035212462 -0.078279727959515544 0.031400589317343866 0.23114050892753601 0.59620843059881601 0.1367814806546378 -0.036751517846048271 0.65339284458272573 -0.19894161011507572 0.5490475269784143 0.75616809892831416 0.22105377759019462 0.08474635283997789 0.46123226449914667 -0.0045243253330101707 0.37484830008571057 0.35585349043832815 0.61778291976249866 0.22028965433747172 0.30809328311972362 0.63527383429130513 0.55053270752207117 0.6352754954810802 0.12547627330620381 0.24631648114804383 0.53954003294781572 0.51312001203029634 0.68138345735391992 0.3099201000114018 0.63234444307115645 0.34905720392559703 0.488499559166649 0.60834190045031367 0.19077537694637658 0.71820342063114762 0.29242070040862256 -0.11485056053049458 0.26880814711866541 0.52251349992155016 0.5202598792744193 -0.35898575970991065 0.088168277471341039 0.46824368407224748 0.61673787849043826 0.39295700845049852 0.054494861935981964 -0.18019774176545267 0.12999611433871816 0.35242666844148074 0.16544735970017466 -0.081968082285448496 0.32599308939766247 0.38828823777111987 0.15923131242675725 0.023717332638848079 0.50546896970875954 0.35221890905604569 0.60767538144526911 -0.048931915953526472 0.5136979370161372 -0.22738639952101736 0.037540708788595431 -0.14187982380664899 0.60814742614254369 0.66850301426234715 0.56567293471378588 0.47525520786120312
 -0.24922630597809559 0.57082839070702196 -0.074134925091265458 0.27568825087336091 0.38533330881029038 0.67936431429483957 0.029225658817226913 -0.0036263219600775332 0.46094310572146036 0.62868679754290513 0.37773750592356259 -0.081165659484608188 0.25136335173353719 0.54480764086640976 0.080727269784357486 0.61471637328063045 -0.10918739035189529 0.60921057146082669 0.79619994212439149 0.69648167139165862 0.6087281109959557 0.78435386158972742 -0.04135284784144308 0.0090141070916413685 -0.086321547815263466 0.096096538635451062 -0.10422085837096356 0.041474261762179332 0.47545304161834112 0.38591614688489462 0.071818151081042031 0.53611003663307866 -0.13820547937669869 0.43385960520950739 -0.0064763729899376815 0.64721244567004765 -0.025030084921566505 -0.088209845916368823 0.57160667259051534 -0.0051744005353056358 0.50218248791438169 0.010201744031552079 0.43364850234002916 0.39635017055106991 0.34899237282950457 0.43339725576398358 0.14677230753892045 -0.028590916118097609 -0.084094127324281981 -0.097836596245372498 0.68300086243023594 0.79288357436565082 0.72121988924321734 0.73376889975180237 0.10311150027989446 0.13302441450245178 0.0017230834880196388 0.55721284063701182 0.16066354512716519 0.34783563903027481 -0.15752580203496058 0.87234218853268164 0.012961880265129969 0.36327146634988439 0.22867436242760386 0.31909583774982009 0.32912135654039698 0.13967952066569189 0.044058384124975453 0.23372876386002772 0.38320901635256099 0.54632854528172325 0.44119369793170082 0.44957886749320553 0.5613614417491255 0.21330971004917365 0.0079695630457647451 -0.20821362065831373 0.21192545364191595 -0.0503942645986101 0.4344703120319009 0.69530431076301147 0.42976395206931794
 -0.25624613666511076 0.38785387987548647 0.19039991466507578 0.36123437898822308 -0.075910943375942397 -0.034862628785170713 0.23433050698435531 0.37443901431298121 0.19278735532271085 -0.12514974131834034 0.49054346266614379 0.51576857730512815 0.25247600895248123 0.82665191465290633 0.18846202679722812 0.31714863618168287 0.03081096962719989 0.48709345668231041 0.40356604586338474 0.027427596910399213 0.099160580099992901 0.44422633062746808 0.4202262521979887 0.36725803950278646 -0.22449432705881511 0.57163108802454032 -0.24730429325743297 0.080570044464835511 0.52180325109037851 0.35492405849622655 0.67344976048384719 0.52516927412605963 0.53299398975650192 0.13813862296968171 0.38405131273528692 -0.27809084476522972 -0.13724174223168689 0.03610750992214104 0.38391300481895785 0.33207723541839584 0.27252512799614015 0.75673409036660066 0.19918345083121569 -0.19464069204143897 -0.094075193593452067 0.25462419774443457 0.069301049707871154 0.56371173939494224 0.21822994502610904 0.11919432058662255 -0.24931816611234514 0.39879596716323418 0.5966016595682202 0.34800832017888395 0.16414386820767146 0.020731255887206618 0.53634459519409527 0.35465645971411131 0.12098183259273304 0.75152656255478423 0.010329110772651086 -0.0019294503151222817 0.52916044457125722 0.19719370795087576 0.81217463447009841 0.17570071966752498 0.5868746432239238 0.49381325434498624 0.62230781082391484 0.58143914409588504 -0.36033653004604838 0.73105331730218515 0.15694098586672728 -0.18552061855635493 0.0018707489614265549 0.83727800580155387 0.24483077361838568 0.80752719821782781 0.22990034739566234 0.037137000015347199 0.11131578806060299 0.83501025334909773 0.170484545918557
