# Created by Octave 4.4.1, Sun Nov 25 23:45:27 2018 GMT <unknown@Experience5000>
# name: best_x
# type: matrix
# rows: 5
# columns: 59
 -0.035769797130930897 0.067564656121573474 0.26821089834401457 0.084532186756764438 0.23647091015545041 0.36721657607437619 0.21357267458368545 0.46044231510628597 0.27065116023910807 0.22162280089974085 0.19913130012791813 0.16122920003095587 0.10117239093803132 0.25273069713556051 0.2664557462024213 0.47930375233363742 0.51986780830527413 0.046911551857301281 0.0067076898349157851 0.052567713489842349 0.098407439310249645 0.181729189636476 0.40801969940503868 0.15429031851597808 0.26347525472524613 -0.014614292367634209 0.1847822026212429 0.25977025987444868 0.17161181795341718 0.02276907338259998 0.14705121175125702 0.25510241078575624 0.41948673742891796 0.38025153059407657 0.1693071103256556 0.12428187119803202 0.011190134451143918 0.20436332176852667 0.15576390902077997 0.30448803967203197 0.15164859256420382 0.03461417353785326 0.38388260716371336 0.23237692931728393 0.12330049400502158 0.12602036747632117 0.14928123801926585 0.22339943220056035 0.25126693402381384 0.050557129897419228 0.23526790195137615 0.036919282401104314 0.27849490628609264 0.35540703444708077 0.20060333704360944 0.32710095572783304 0.067910534568733028 0.11691206938359777 0.22969157216214198
 0.1060487236686336 0.10792785764203017 -0.07273637439005326 -0.052958397027133619 0.0975285065542707 0.090250080476313332 0.32034985258919857 0.36421675209455984 0.098517696667960786 -0.032242146575109952 0.16570661834661538 0.12524949302301036 -0.028972960319786134 0.20804112932996466 0.14160805937508902 0.36123646919369712 0.3340125946232404 0.20509339461897913 0.056551629398485126 0.40875594135847027 0.064738904042651202 0.35455273722488823 0.11853929616245273 -0.0051801502619582135 0.24241698924645805 0.26229965188568638 -0.066652795494567207 0.21891992037818053 0.23213148888024815 0.1107622242184878 0.33193687407286387 0.39495742276360302 0.068807344459294567 0.064381707147981526 -0.0037214624845613997 0.48136110297965606 0.50780370524478924 0.35378896572695284 0.031219741199140533 0.10329248711976385 0.23081988023586564 0.2125822003813147 0.11661008902951775 0.42396214254694575 0.052277313478481302 0.35331111452760755 0.41832680612741058 0.3189647038723058 0.14906078144439605 0.17567121263064778 0.32696619304591179 0.27198594659924002 0.056374390090085352 -0.15849026612509651 0.093340563342020122 0.38002282720371894 0.11443229424909207 0.22390897832203827 0.34096593601230762
 0.31235690320999465 0.10218579866021138 0.33434728853264839 0.36382313751232442 0.10858302121680841 0.12288156419663387 0.27771607172085377 0.3559767377228007 0.38953571820805899 0.095102976815143514 0.12050779525581162 0.058079676795731228 0.33646964642829968 0.088761895955510095 -0.0049010481695084263 0.0023351134674665514 0.21469396649739103 0.26014538452518887 0.22562239942021867 0.4487412634595791 0.11860664797268761 0.056856078757132167 0.0026459524653090899 0.19716652470044393 0.081392408054047238 0.1969862103651101 0.27167255383557731 0.18383333205067864 0.44965216474248759 0.17590318578651348 0.41965850142065864 0.4341442699421949 0.14068975396948769 0.43257580172895493 0.33474694377141612 0.32653864977430946 0.12553084771584633 0.26618551840198179 0.18607265142249008 0.025871962273571025 0.31616081293451326 0.027367804569724041 0.41047746954035125 0.029257750401454008 0.087564338196623792 0.44733300723697345 0.11943412526567476 0.063341209946584542 0.034651356995072352 0.20176892729025209 0.062874754404977862 0.10330829128740404 0.10848742189276878 -0.0029357914451942288 0.2502362252427579 0.27236583014568394 0.12419448535899047 0.38605848822194444 0.35185653679150608
 0.22331391103820275 0.39505284453615497 0.10896478662180736 0.4524955130492021 0.17480646195851413 0.37863820210965216 -0.11439205081416998 0.30178929892166417 0.072536538696379438 0.37655375576146466 0.31327721136337461 0.25198124054077109 0.21167898234724447 0.44356575305212775 0.079839072702610314 0.19971506044652987 0.21315766898988142 0.38955205401262205 0.40390181638726097 -0.049161967613375462 0.32954949327112315 0.29508520311517794 0.17791304782960693 0.10386096412371559 0.36413573878318117 0.20456768145447601 0.26915885607774837 0.35242737325749118 0.20295968752740046 0.024407163020604639 0.23665027333956856 0.23250774012450914 0.4814196463036855 0.28130304600414791 0.00064778029288486971 0.44495386235340328 0.30352415696677637 0.25221521889854104 0.50364678493253212 -0.0034667746135692012 0.26320166715339233 0.41951159338612798 0.41301058085236297 0.10462551531480124 0.38180101736602889 0.24830274969357924 0.11473205210188653 0.34819650842555672 -0.00050964835586289614 0.3565656214134465 0.15049265902649511 0.299748911675774 0.2387882139687687 0.43546618172979779 0.27401545412452055 0.30391902448640096 0.24162886526034444 0.168752364667481 0.10504141353728302
 0.02781921356049738 0.26993888445552727 0.25890683828957717 0.13596629149578465 0.19657563297039293 0.22845728515927788 0.21966599864245273 0.23756223397656262 0.12847348550320226 0.016568177271677309 0.19616736970705573 0.33434075007194086 0.13826685914539627 0.36700625136396159 0.17818697959941376 0.41918577197520412 0.22102068235685768 -0.021557598619845519 0.19460443507796332 0.22207202791285563 0.40556648364632752 0.34271572117736837 0.41649819885467498 -0.060186612914401548 0.46293927303128957 0.033805797753204414 0.27530030111444259 0.16215259271350368 0.37732719262337988 -0.0037360877461342715 0.17785318557422669 0.27147650211145014 0.30787832649357805 0.25303630956624557 0.34970198897940108 0.48078430782474157 0.1853120406853308 0.28287317474587548 0.07626297032593532 0.38645494808224945 0.11542674173838907 0.087717857722954262 0.1100437959157225 0.33956584751808938 0.29102615014961053 0.17084502262001244 0.43089518595490883 0.16030378308539484 0.16700136001545929 0.22154749571845711 0.097961788293350727 0.40529787075130197 0.18894683340647533 0.20763507551094373 0.12554138086071859 0.36475471322946218 0.24356518687057838 -0.0072449977105958907 0.15073104928378678


