# Created by Octave 4.4.1, Wed Nov 28 17:59:02 2018 GMT <unknown@Experience5000>
# name: best_x
# type: matrix
# rows: 7
# columns: 61
 0.4081042848170684 -0.083345749165531169 0.077508696664563656 0.33433176458234082 0.43587369442900492 0.35430178517475786 0.096612199468635751 0.33997289205221781 0.42474995338094246 0.020370309856284297 0.19458195162923531 0.21026660252830479 0.3362140202585816 0.37159920843049465 0.086481466401979845 0.42820715753352079 0.016275898636393005 0.36219118714724041 -0.068937495015738426 0.12752280040846786 0.29992437065656175 0.076775779311086062 0.23188108717870215 0.37293106804710341 -0.020797970842507008 0.25157891714183467 0.36982640662429644 0.050759040780542095 0.34824868227280259 0.27124424444282846 0.34462037584090066 0.11557464685157237 0.25843581578921782 -0.00058631474864534461 0.38295610108811895 0.054845708955764572 -0.047405920757416453 -0.17268088924933589 0.39634292272112348 -0.04124915037330662 0.27124753850181416 0.29146159070211397 0.18496418040052351 0.15990538604484625 -0.044281142340361512 -0.16704211223179688 0.35207633255101123 0.28305744176782915 0.17439290863688828 -0.075098934670982165 0.13497005795561368 0.24418940013327084 0.64737135545988922 0.26223980493691545 -0.19744257387621433 0.34436391604866556 0.3824979920717983 0.054344827637282656 0.041815180643684419 0.45035825492369863 -0.019207085608318408
 -0.21205090917840341 0.40394964136853928 0.59596617468980861 -0.073076883371984036 -0.19539029789900852 0.062150523277450076 0.52346027162060249 0.24512369753184896 0.27270065977817215 0.29833410207828837 0.23198975824691681 0.23894304110348707 -0.00061642544070211747 -0.010772116709649615 0.28329961481105081 -0.16750564176951338 0.21751663381915698 0.27805333381624464 -0.24078780553042267 0.47188777741733029 -0.011821124219061563 0.14799375183147129 0.18150735452559374 0.17271990149606006 0.35362429875551271 0.14616652770542593 0.36354348770774347 -0.084573389889467165 0.31515051078778389 0.089730350779190782 0.38898068203511238 0.51982096807489919 0.23991568718501874 -0.024865665376821111 0.52591322935430052 0.68755113705720716 0.031262177816792858 0.43158177025617306 -0.16906691661982531 0.38590592886074582 0.26904317394765653 0.20911359396582552 -0.069128538827380015 0.34203452861772199 0.44433264793643112 0.0062915354362105269 0.075117251189666168 -0.014764540014587879 0.31872426671942283 0.47245622942854726 0.12293958668385779 0.23307497120782505 0.46811590976423512 0.20370726823400992 0.029752441753752301 0.13171708247304459 0.15843473834994914 0.45094462114816902 0.19237944903760418 0.041179625319125501 -0.24329178496696358
 0.15290868980926758 0.0072619566944738256 0.090994476335525709 -0.2422057759462366 -0.057244535267167995 0.40873010059024162 -0.0048506627122736345 0.08498974563322198 0.32981569501276087 0.4003561176531597 0.0043559816987586153 0.63194909430037183 0.21598785878221149 0.46160100919181568 0.36618163598132725 0.23509294054096486 0.45554677908630237 0.25717787605523035 0.32409974767233751 0.049659845651109202 0.025989588827722759 0.25223701209596472 0.20987859756095478 0.29468098711907897 -0.024055751948379056 0.52657214225224713 0.27772561141248742 0.50391109636978082 0.19685436645570731 0.16196302811415653 0.23539690593711896 0.31076348607171955 0.11818252671013563 0.32552072520713154 -0.059656860145494761 0.26911239304880719 0.29469416881143728 0.076379655329627649 0.2951868976907227 -0.077239689058668987 0.04022276616709719 -0.058045211598668822 -0.041842783631288537 0.31838716099088371 0.36874885270419311 0.49415909966889038 0.48886487382200616 0.14585014734533319 0.05899984192875618 -0.18977677186207309 0.090428075510212258 0.4193135612907315 0.36578425234825818 0.11462617997169544 0.44461869157396361 0.20938642699416415 -0.14333889840064939 0.086165227828853941 0.27116861485146726 0.17153974602479113 0.077474005866826429
 -0.021629213301389047 0.40120179393917915 0.30693059085505925 0.27483982986557121 0.45111176882541582 0.033466631468263786 0.46866096860397544 -0.0769614131249583 0.2761286854625592 0.14566811940235189 0.27079994295656434 0.18360550875978765 0.34667715351169004 -0.018201789679315405 0.17742202377450561 -0.04526934152029205 0.42969738472480357 0.25054682011566376 0.27214134026613851 0.042012626553401988 0.17854447480357949 0.21229641211206268 -0.15443914368902434 0.34437461380893986 0.2633923543691874 0.078295551824294707 -0.22071833390861528 0.4265293831851894 0.25030537988200996 -0.070664644065424997 0.00036422345637515674 0.28227199559228733 0.24655743669993518 0.44954594226926031 0.25004591741359872 0.23249855935795805 -0.12085180980576871 0.24598208885871092 0.2105716717153423 0.27396170231771921 0.25841863432626822 0.095400346429357796 0.22973537520006393 0.14054491800876279 -0.16227996038765258 0.35073421375146352 0.22035304791038951 0.15227133322178665 -0.10893277442434396 0.21007900820440162 0.22613233178516112 0.15747901170289458 0.16678570696192418 0.42044595264613016 0.22248572392632526 0.148633127686156 0.14785193016134279 0.2768575399099642 0.37937055444810985 0.30966551944001619 0.26268546650647817
 -0.25313173844118597 0.32118083347482451 -0.087653013769933452 0.34136472549550434 0.54614410614198872 0.38541548708090467 0.46981888879874473 -0.08797851200210749 -0.04546511384850549 0.25736595915255112 0.10968652192203487 0.47929992170592284 0.3886303798726598 0.49959127913512003 -0.1890481470725649 0.23925092601643783 0.19061343125240288 0.0130834483277904 -0.15672250068006832 0.19791060939869756 0.090500496516002726 0.1521705692163669 0.30360677168934896 0.25782021020712997 0.38268464759875465 0.13043155344360602 0.34249447472306938 0.16508597651851104 -0.13221876628404139 0.29188092772961471 0.074347633439949962 -0.047873309647401552 0.35195886508598284 0.24428521855684293 0.42036060101915895 0.068192550093725435 0.031110165607480922 0.63373501339825666 0.15594084642562389 -0.036821100367838699 0.55594917614620543 -0.16262669955838538 0.40689230167368506 -0.13901965981240649 0.29234721869039421 0.44813675069219494 0.020555597724717711 0.40448890167792384 0.17589742954024082 0.05780461846617424 0.16876700410770512 0.40140236921389327 -0.11265750876167901 -0.053227509248919169 0.202190725699671 0.17161525644307307 -0.20512007665178589 -0.020163714267972033 0.21695842285220823 0.11951293545300387 -0.042097977064503772
 0.18389363243305579 0.040866082362573629 -0.14086083916587322 0.25864252354721828 0.19012488161079399 0.44965456626863143 0.37339827289041805 0.49857867078693396 0.26696282610378036 0.41649991565585487 0.36558787148682415 -0.01154541650361509 0.1389230928567223 -0.17425063196131196 0.35132452738104486 0.11713429964733535 0.096087947414243535 0.03175612530088695 0.029164977002957393 0.10510016689377399 0.22738771933974711 0.28115212525528088 0.064342878922770297 0.09945667760283472 -0.086627023141288034 0.34802036649509438 0.26253299775184241 0.25022167296566522 0.39925601177604364 0.33403340939201781 0.19964258550805869 0.21755317562618737 -0.032938144099229238 0.084908010614233018 0.1938220956601393 0.015744802488236981 0.1417610643108223 0.17356081974472115 0.17934877056421802 0.25208417507579273 0.1416110329071697 0.017100977087391611 0.29123041624401558 0.114225216849978 0.10822242899742285 0.27838179044302547 0.12678911641028889 -0.24015363890099461 -0.040193929649519955 -0.11648024136591262 0.49168669679792965 -5.2319614962825778e-05 0.065687125586631756 0.15908175235021582 0.14060991781697851 -0.098883406800363782 0.11527762506667913 0.21667762642840416 0.50227683789019428 0.54055029400843946 0.2118980906320922
