# Created by Octave 4.4.1, Tue Nov 27 13:43:05 2018 GMT <unknown@InteligenciayProyecto09>
# name: best_x
# type: matrix
# rows: 5
# columns: 9
 -0.1369315655821346 1.5721341596186029 0.96183361821235991 1.4250950674315384 1.2600837900323318 -0.9509785640150864 0.57325280853569716 1.2149617855954329 0.51725464490147921
 -0.083961483262357639 1.4589236590963477 1.0216817892088326 -0.27874398327099925 -0.27801146383793984 0.043703236485081121 -0.27122362243386933 -0.14018616382449967 0.58702759764746038
 -0.040817495377289958 0.26465867549264877 0.58003336249747495 1.4865570476423695 -0.77289944957785994 -0.010198261278477005 1.3318376209476517 -0.38137086342027904 0.87372047476829007
 -0.45103713073506091 0.32220122921689276 1.1972619794830486 1.8445004104467628 1.7955571212820605 1.15531560995543 -0.33057331302374982 -1.7242310780207828 -0.46668994566535871
 1.4393796703029089 0.99562288718831038 1.2220509148612591 -0.56970941091155058 0.35909386088032491 1.6135343495348806 0.23284269359664567 -0.16944891196078604 0.84173390582433782


