# Created by Octave 4.4.1, Sun Nov 25 16:07:19 2018 GMT <unknown@Experience5000>
# name: best_x
# type: matrix
# rows: 11
# columns: 9
 -5.2078536411034753 -7.2902022794620986 -7.0744902686677618 -5.9161650808095985 -5.1744230201657242 -3.5418640093412876 -8.8856073848404122 -7.6014228727783264 4.7821788837985757
 2.1975760285252193 7.119430725902669 -9.7208087659634348 -4.4458724657498383 5.7615634622527514 4.5679125956737483 -6.6509167287383848 -3.6181330974924935 -7.0611913194744362
 1.7243406011848172 -13.008465025871072 0.87891864930301833 7.2961152205290389 -6.4323722753255259 -5.258075457368717 -5.0383051644501933 -4.7678828323054816 -7.6019057218130115
 -13.585339013984267 -10.80427510438648 3.4402559864694013 3.2360138807909142 -0.12995892310866153 -3.6098944859736113 -0.6749921831064245 -10.349372222186874 -8.1093933316440996
 7.362223921786109 -11.578435643316581 -2.456602846929917 -6.1350652146228022 -4.0589212288502798 -10.751689547087215 0.8904332696961974 -2.7924477010141744 -3.8457217864959272
 -4.5127072601541824 -3.4708998981445811 -10.127464673931836 1.938565705439979 2.5271815363586727 6.749201755506558 -8.4521877990432905 -6.8004453693553888 -3.801096838193549
 -2.1834724707182085 3.3144257413552203 -1.4911441272708845 -10.431331206623653 -4.8664282356338431 -13.096411484660665 1.8486919316723225 3.5235612912046532 -11.885644357227722
 1.4295536393114756 -2.4634084039854107 -7.6434037763106986 -6.085269529884517 -10.151102566197114 2.125667421822814 -9.4065307047672668 -2.6483966254515634 -11.796947308977353
 -2.701590534196284 -10.986164375045353 3.2948927760782674 3.2071455725670104 1.2150737668775069 -13.170482036918507 1.1262728883614788 -10.602665544660447 -5.3842242514772725
 -4.5849420111554444 -5.1816186208162955 -11.80063896047537 -8.6883500586705278 -13.86897715163056 -10.380141704343297 -7.9851381269478692 -0.0030807779562395665 2.816474954425003
 3.338591094652275 -5.5542694598069797 -6.0302533592873253 -11.035152281696277 -8.1851935121225115 -5.3588664757893367 -11.154861142270592 -0.25294316542956174 -4.2148338830399608


