# Created by Octave 4.4.1, Tue Nov 27 19:53:19 2018 GMT <unknown@Experience5000>
# name: best_x
# type: matrix
# rows: 11
# columns: 83
 -4.887183559742291 -78.727256658357447 -155.56349271116557 -39.632980799974845 180.1332006166719 29.457289814479299 -146.21746234666824 -105.45338910015717 -10.081424515280656 -100.02034796834643 -59.996363100232699 169.38906512209957 109.59518528405088 122.02586363134326 212.65065928961042 -27.235017103480665 101.64418564626934 9.4355778701473145 32.527540336699104 168.01775312887736 4.3793283009439783 168.33927800622445 77.158000892938105 142.77970175460013 -104.96584878922212 -66.228416465872698 211.13024313437239 -50.988946335148015 44.073633234790464 -111.55221579108355 10.809284593572627 -118.54924655653669 10.30756421636972 -66.383305890003413 0.29764096140570395 36.311060971629146 0.95094017783567342 -27.740533702794796 -118.81410502569338 59.229256037968348 -125.90246249173995 -17.041300332161562 26.51466891432694 13.299795485418922 145.49549568533453 -213.9294915178229 38.758615771896018 -41.677497070844126 -183.53419804199672 191.80770072011896 -74.162869064170806 197.53010799667234 -33.563023485997228 -136.46634146353779 246.20226335716924 -209.02686523789387 -26.488887832198078 58.893019382371484 91.486601901635353 68.881371207061918 67.11922728807636 -63.000233561806247 -1.8935695207039558 6.6789379804967588 -9.1291122990609832 15.457134454001666 -24.334118036700055 -69.116811529297536 -89.722799326396228 62.780309435996607 108.1111514902004 -20.930651950371541 -33.893986509341943 15.948089114312454 93.869884611517335 -59.38367433265168 -54.198402942960278 203.25771996123677 -19.050920783579212 24.505637854258886 82.262172976494497 -105.04165965865917 36.02500531212668
 -60.830480024854644 -69.45918169664489 1.6585497691074438 -37.016832410326799 -12.72891571598193 -46.103395750578684 88.181646069690345 -85.129314809275371 169.7084921339185 25.31397528186605 -156.3014482248895 3.4390972808091154 84.526863386358414 -114.38596939927804 -74.751318664539355 107.46728236278965 138.58523453678009 43.498527967501921 -155.14772875037698 -79.753613689690312 13.574491745641859 -48.398799544346488 30.865486406219759 198.00968964101978 -111.19153108398315 92.714557469691599 -196.98523418217604 -60.391007957053063 -166.64102568471384 93.684470059056622 -39.021954014308207 35.57504675485945 -70.024663304444147 87.321210897203315 -58.044402129791258 -67.645670919696229 4.9861054011388717 -15.734126002617714 60.845735517074189 -107.83951523804754 -36.129839617384562 63.265062884640045 -23.896105907777894 -64.795639337227385 194.02358772329282 66.848582001146752 37.963700527679308 -91.478863106976732 -38.444087665782916 -96.731000753384848 62.952651524238725 -101.91601349531177 120.12219588565654 -115.6425540161495 -69.186112773669549 84.161622272663507 26.542377579280046 79.074075221553244 -80.831927511606011 -112.4725850463347 -62.496022838244393 -93.279457634672056 14.517873889642575 -123.63256691698211 -74.106202091958352 19.932088098425542 -147.83946318626732 182.0652372172168 -3.9291224628932984 -31.820441092684547 7.502638941794177 113.75833369614536 -122.42247335483333 56.926285547541859 -13.475768818400359 28.274849197436669 -88.770371812864866 90.695628472798205 68.670059550197408 32.518640033289685 83.497917552115481 -79.18679174576144 47.153930200429606
 46.088929473463395 -19.910122040055999 -63.943918872709013 -121.66289057737467 26.118509765250423 117.70624476681232 201.30522498991081 -108.72608296588334 127.80088745088928 -45.367268579470043 60.756524668548167 20.805957886164723 -61.526667578985517 127.60440084318017 53.676125841512231 -108.4597420366171 42.836167172521712 -100.6700561882835 -32.452081081423252 123.11525666498594 149.35363104991563 66.619886983938329 -56.621580448016665 81.807420523261328 -81.231417000455465 199.14011188638915 1.3263158375904398 -37.062811756411463 140.75771022913756 123.6541965798624 -15.360950340634741 24.238604977504639 21.737487671281347 187.04102248207414 67.460986141682838 81.449072458299725 157.98537546696753 -43.847906769165007 30.290751289901845 30.913927726275315 55.007681871469543 -163.77322088217821 -116.26825119203822 87.908092988409351 -22.204876246277578 109.22699158440253 -191.16377257695845 -47.472481984536586 60.579855176923616 -132.12576370490683 33.819263782824692 -58.159511884477581 -46.350550821883061 36.717613109002073 -70.716500728759328 -50.408166760927209 170.27878667647056 -84.347151862784216 25.3769099412348 -4.6671037525660193 -175.95745914300468 -26.67071327425543 -3.5511453576097507 32.265095115686194 61.20263482653781 86.128855175185848 50.565012750017488 -105.3698930260374 -15.976997479265716 -130.10565740760808 -52.590225909699171 -131.62701440786822 -41.682451253127347 -37.874714539500246 -12.49796983478678 161.59971429098471 31.926235469228256 -99.071288754286272 39.680088947970873 10.755377667223723 -54.957039050213979 -23.043317643819634 0.207475501130582
 -119.67289363193032 8.8398421351153207 105.50291588540223 11.352389384210994 221.07270708220622 -121.28313629250101 -47.334675447046195 -6.9934242262012933 -5.0004107860542568 -76.365458198225213 -72.57069546965522 -161.34216055846747 97.224916053459538 167.88256309457159 49.485263866440697 38.638468912653792 77.529966567969197 -67.077852015868572 90.878184881275715 137.05181347813703 194.56049698094034 16.806396699533661 -113.85155560235344 -156.62752032770749 -188.24583864676296 60.572702096605674 86.160495563155052 -30.431155354100184 99.864403651790369 172.93631932117131 -49.225313110503301 -67.949789434075484 14.914828417197496 -96.929998142080265 -123.93216595525689 130.89150039664872 -4.7134046757053687 -122.56751420420125 120.25957881933627 -138.67617000404255 -115.06129486599605 -169.21892610299923 74.248103486221083 50.873081659696474 17.747343541803836 184.68622768700976 197.3757662808755 -25.572299845618168 -20.982949929820915 56.684765357451873 124.06971377824644 192.27670955775875 -138.06112427393407 71.603370820734398 -9.3664469161451205 4.9307272402939191 -40.635687399879664 72.17856317526747 31.027629097255748 136.75659415734765 159.40279056816763 102.92114870736174 6.203391106323485 -116.05687892518229 -26.785419037596153 -10.414617960370615 -35.345576737013985 100.10690699010813 242.5930228989325 11.180918185205211 -69.354277229606325 -117.02822991857381 -113.5368945818074 92.277919893186379 -64.943940356276585 142.62244873090395 137.22212697125488 -90.048684892324559 -7.5764664761966047 114.78864020656113 6.4818207927538767 -56.767864146658212 -31.963620035543226
