# Created by Octave 4.4.1, Tue Nov 27 14:55:53 2018 GMT <unknown@InteligenciayProyecto09>
# name: best_x
# type: matrix
# rows: 5
# columns: 9
 -0.3341909154189478 4.104564409192994 1.5174176663770524 -2.2657593070831772 -0.51849139208413475 2.1893173242096342 0.9822397230510358 1.9946962570425326 7.025031603711458
 2.9304746999390234 -0.040589611595140671 -1.012971528247989 -0.49542633159539673 -1.667760132420897 -0.36612041740263795 -2.3004863179632755 3.1772305937437078 0.96215521843611129
 -1.6085370706594304 4.0701775230669206 3.4019773998950544 -3.9560431162865637 -1.3697622778090635 1.3108461844796553 0.28355818827404461 4.0859407678437005 -1.9837777071376705
 -2.7130507497273708 4.3164155992820721 6.1103475092378439 -1.1450925435260495 0.87590623918488941 -3.8009770125667002 2.2577167075365616 2.6928752858495333 -1.1734234429570771
 0.57556647748731138 -0.45034012734726997 6.3132630070600673 -1.967606188318151 -0.6539894957259984 -2.3883662005108675 -1.43267518451256 5.5367391436904061 2.2860392521913147


