# Created by Octave 4.4.1, Sun Nov 25 12:12:47 2018 GMT <unknown@ENHANCED>
# name: best_x
# type: matrix
# rows: 15
# columns: 41
 -0.096173911496116649 -0.27625452782160309 0.34162811733015475 0.78949937793322678 0.20770886808190059 0.41556896075818228 -0.1397826582445747 0.27239710776356052 -0.19372548418134983 -0.11294604387950491 0.7984678870265669 -0.67581145321671099 -0.08424666317200602 0.6203399051306846 1.1103112442013943 -1.3123935967395972 0.27010451599360974 -1.14680625018695 -0.20096567241569652 -1.395514402734185 -0.5670493657737975 0.92786007102358514 0.47778607289980668 -1.3789957767671064 -0.27385655357534744 0.53966176221605555 -0.71553319584444341 0.18783749145598788 -0.20799043038207587 0.28696932135702702 0.34182048184067826 -0.49825535932562914 -0.15139434018214781 -0.41427684459246317 -0.20118890138853662 -1.8208509145598013 0.73421669297436076 -0.14502610066331023 -0.92498818232140678 -1.3433377029691398 -1.1609736371399471
 0.87081208114084996 -0.15788855830241399 0.30830299567994679 1.3959991200107451 -0.20756300116796145 1.4347872490436353 -0.21700174637823477 0.24427644598362114 0.50839751379772835 0.60445534348148289 -0.81248455529459929 -0.41455992358928706 -1.112251814269307 -0.97184785534012397 -0.86917208775298316 -0.0087657123170543638 -0.75301096720735017 -0.32218321237447234 -0.22778307529931596 -0.53251967274082013 0.97346307134189147 0.38334284628846005 0.91512190799131199 -1.0793681634980694 -0.66418282737727274 -0.15073572707426597 0.64270054936790655 -0.38967966650037345 -1.2909770155736959 -0.11567450034036897 0.70938879741365457 -1.1663347438055978 -0.094390191665118861 -0.42371219612902233 -1.2978155178629338 -0.83902501043890743 -0.45804317271255135 -1.198968140530525 0.01893522465407349 1.0532814322798727 0.044765352436081374
 -1.428412975344461 -0.45794080866882902 -0.42184304737752337 -0.004946619061175328 0.74931455088874577 0.41467500766989418 -0.21641363485576637 0.13578663573742422 0.45144009859590706 -0.59075274935486388 0.10887371171387361 -1.3465917915158512 -0.64957822100783869 -0.22569475250790072 0.1395671521395998 -0.84457547503900243 -0.64861685231293653 -1.1083727026399615 -0.18315079161527104 0.70803949876594818 -0.14443088073012134 -1.178230705971548 -0.75955791304356435 -1.5905742607820093 -0.446505377510094 -1.824739562205969 1.2818856495349562 -0.4420367231385478 -0.44450871495382827 0.31173803359198393 0.26153941104671752 -0.42292243508477134 -0.29455098153718318 0.45397016981018656 0.13251855920982636 -1.7881126027152616 -0.65135223186510882 -0.79000471669177785 -0.77959948113539812 -0.92023607179098077 0.37880135163846074
 -1.0216664785194807 -0.40817341953085928 -1.1125808243110924 -0.017770823172086558 -0.83419447866311358 1.3375495263907748 -0.45091313662821286 -0.43332946302061526 -0.48897833809885283 -0.21626380264212419 -0.71874782364105649 0.16103400704024884 -1.3775382364505355 0.68320108751799924 1.3870642645394264 -0.2377753109870655 -0.73125242895391418 -0.60250345791984516 -0.03165982503296072 0.00063197274092674505 0.14077165614187781 -0.11732175148907897 -0.58438516083434355 -0.31672089638701095 0.52489721602469608 -0.20290549191178964 0.34560559025215887 -0.093259056972120669 0.75241174138137712 0.67958668506100928 0.36260651043486147 0.29825788778674989 0.600099624616796 0.32259032184120562 0.75780186502219515 -0.5900563223989066 -1.1049884809025019 -0.71600053241761252 -1.7044126332617331 -0.80549765748440572 -0.56956114867652285
 0.16472291721395038 0.86764063461755936 -0.72366615995844108 0.57574847496114445 -0.64236244155703237 -0.79436252800081353 -0.94563335971242757 0.34224983717763924 -0.65776807184822483 -0.34784353741623786 1.1108042902351392 -0.38330027510945447 0.14982799816938619 0.06307377352835708 0.10727926148376765 1.1580163105687002 -0.087695716967823634 0.19156182981705294 -0.81137749569627893 1.1826296915661196 0.38106618344688226 -1.1228273359862286 -1.6860579588098132 -0.67810956869721495 -2.3109174029449391 -0.97410415241631498 1.1911856029953864 0.64288827242306956 -1.1700878176330245 0.49208470259073245 -0.2351601661411602 0.96569493399186013 -1.3470727749991696 -0.28059958796578721 0.59970840579455753 -0.39147606951295943 0.28804367290896593 -0.39619233684349453 -0.7210318371745279 -0.9057643078833908 0.1321343504174024
 1.3310767253862301 -0.034008327612363831 -0.42904412920449397 -0.52760252830350285 0.30762617207247467 -0.60779797383333323 0.22589932989774342 1.0868301849630364 -0.54716304405674987 0.99636741946091556 -0.38838387429855414 1.2021991250229234 -0.94233301063933506 0.37198198222657597 0.018213292412522231 -0.84386910917774216 1.4325300598688855 -0.050732561451916736 1.3417305972053142 0.27616472798996894 -0.26961334858358388 -0.39670478166485967 -1.2305874329063791 -1.2677572322674213 0.28935074818371098 -0.081647558191710878 0.53418736346981943 1.1855415137725107 -1.3795372019367651 -0.70057905394300035 0.18198773692228309 0.43070777117912984 -0.89182310980910839 0.47179878526066532 -0.12391706234949873 -0.73735077351208189 0.87197883243262897 0.42326871666591703 0.25319207178175773 -0.097829949141327255 0.174016582860677
 -0.8849895171181732 0.51715874016123009 1.9033807722713689 -1.0807887813210724 -0.49032774059162376 0.0913479597844431 -0.85899695975447843 0.40457325259846832 -0.41089278537129403 -0.32090497454744504 -0.8347413431077646 -0.67122215615632119 -1.272578735741434 -0.23873922200522957 -0.41444804010578151 0.52916550621591774 1.1571032638598471 0.31511298786022057 -1.2718598417576774 -1.5507339393683954 -0.27645828703920461 0.24928393017546191 -0.21065422764191089 0.1207593769975035 0.75354618224994763 -0.68667376518259293 -0.9327888367121262 -0.6042691624102039 -0.17312955863793933 -0.33353251628744696 0.45403903080659336 -0.19736747565095158 -0.75169983148384145 -0.62415397557951124 0.3308840483792414 0.44972097881243245 -0.99317299020659688 -1.5945507827551189 0.43065354176339488 -1.3022683490057658 0.46308505949292544
 1.238426239629048 -0.45500529433716475 -0.39365650427636711 0.16069285799795052 -0.25519886974639361 -0.67638564485238639 0.51867082264141695 -0.35524311342713655 -0.031218643462973539 0.18625661339060451 -0.059014576869167779 -0.48682117106587253 -1.0840572668731663 -0.74015425165143323 1.2237686885189425 -0.45932605423818657 -0.78693697025018983 -0.71344820924572749 0.13483626876060884 1.3932599433124222 0.33351703313325287 -0.50480073912573387 -0.83228855655030654 0.93013784299200086 0.29647411185025563 1.9445679065099666 0.64503610977355041 0.59155410455728774 -0.29363921495829937 0.51358780980988428 1.0750651422089565 -0.063700737948565234 -0.89800689753871721 0.94108719012711695 -0.15352382580545565 -0.89125238334808454 -0.069826465006484817 -1.0932647318696518 -0.22507136414611884 -0.33907627907745286 -0.21989271320853354
 -1.1613104380986787 0.10734604054551644 -1.2328118333913829 -0.081145942680054928 -0.41498197652035862 -0.21640821852134984 0.87851965549076894 -0.098813462656625495 -0.29379592393925424 -0.74879879178084652 -0.215698849377428 0.49397118739051993 -0.98700548143240741 0.21568922855570971 -0.10401951241888185 -0.13881761951785498 1.6566176181429111 -1.6216374258067867 -0.12652593506623999 0.038643366875571017 0.12251493549793668 0.54919970102420934 1.577861611957486 -0.21785362563329125 -0.082963856010290771 -0.83452068253193223 0.46855339604185509 -0.41504409371136552 0.24323248822569643 1.0108427653827501 -0.47613705361951142 0.46267722936125932 -0.25900094700442855 -0.68261576143584823 -1.4235869647054884 -1.0139751668739438 0.023084083549731682 0.78047808331693003 -0.086374934199084485 -0.23602397047536516 1.8028993422636934
