# Created by Octave 4.4.1, Tue Nov 27 20:14:26 2018 GMT <unknown@InteligenciayProyecto09>
# name: best_x
# type: matrix
# rows: 11
# columns: 83
 0.17808253561052145 2.2769725933133662 -0.93562958997808332 2.1712225163695962 0.90586235808777005 1.2031572419176486 -0.0064937516655722005 0.89238634302465147 -1.4213392671457212 1.475790781075399 1.1190835929866276 -0.073524647280306943 0.55255256680775999 -1.5213648580157288 -0.59644252239416384 0.62228563702386008 -0.63593919550792632 0.55111123342914414 -0.43731560548695114 0.72477699269182461 1.6865432830858325 1.5617485088834773 0.18430975933036908 -2.0095510751668231 1.6338229741007844 0.85037213411629109 1.6676424781316364 -0.99764710668274414 0.60428328827010125 2.5132955535356221 -0.087996389201848046 1.1093476975221037 0.014183825393175295 -1.0533457195028255 2.5480694384086959 -0.27137898525015669 -0.7777191195453943 -2.2150866720800195 -0.51886588599957539 1.6039154735289305 0.21803069778489292 1.2040846936428204 1.2556131147497265 -0.74435861104603429 1.8038998293518604 1.8262766716172685 -1.4777707525932851 0.47361449696173885 -0.74578760632346341 -0.47802321620527954 -1.024479267497453 1.1001922655020451 0.27180040949793294 -0.74812761687802309 -1.0900515060952758 1.0626801387248119 -0.01042215442312513 0.17426609558978956 -0.40889523384436122 -0.30292739580640826 -1.7780949524378222 -0.75673891259928183 -1.086855295928931 -0.3592163952077021 -1.2028054685790064 0.50335621621152904 -0.93544153819454801 0.45730021454368197 -0.18898547365939733 0.94564880945713981 0.98527336393560283 0.17061206210160662 -0.76537010006826689 -0.028518412282220518 -0.36653700019967927 -0.66149277404883833 1.2547264077582927 0.42805668471584024 1.7068330372461089 -0.16461982201279635 -0.9701011246571003 -1.3457751999267558 -0.65411842527198472
 -0.037293254944152428 -0.47155155597767795 -0.435963909897505 0.24606914721602013 1.1752263219047139 -1.0581929010355067 0.69736239140094769 -0.84251847349738274 1.3938482539037249 -0.17749124044350539 1.184751583876082 1.2721247417678683 -1.1803751752794529 0.54902961728820121 -0.74907988917695123 0.98723363760197103 1.6914721073363674 -0.54371628435971675 1.2661554466432881 -0.25709210788819026 0.88676641740928464 0.99730780345500403 -0.87721814228747874 -0.39105803838088837 1.2290518818571989 0.081828189616220182 2.1331636520802757 -1.1759679986367848 -0.30704969396233461 -0.62072542647762541 -0.81612788863462482 -0.96276056390570197 1.7520207343282292 0.13176629364059111 1.5726145381661372 0.93240418364706423 1.3123471683812697 -0.8298580682476735 -0.707086062792734 1.9228030402378229 -0.45143482320220096 0.058659804342175631 0.92492170764871995 1.012670920274866 0.88254405428879368 1.3959078855166283 0.061975618925814713 -0.58587425326233644 0.37247149267490864 -0.40389858009230251 1.4853081052186825 -1.4959647230161597 0.48468689421062283 1.5764908464644103 -0.52519756390961381 -1.1723692148050162 0.31467951741206224 -1.0244543193330529 2.499002452092375 -0.56908470325130778 0.78942568421513659 0.25742011719221913 0.28577654979172928 -1.0421830221023329 1.4009627828034068 -0.27592314510537896 -0.063672548228454751 0.2206401733269503 1.6271549918549333 0.34648952151019063 -0.47140999689338003 1.9873810972343282 -2.4443930671566232 0.35263317958252682 1.9226200817275938 0.67470134923828873 1.3014824375242746 -0.1140961884283398 -0.25511962539201694 -0.18412207295298866 0.75088850868077106 0.32451239408788046 0.82968821136297866
 -0.57934244623966613 0.10303185697235928 -0.2535965384495511 0.99661343169964711 -1.1217649824467926 1.1546712392130933 0.34521812739338298 -0.4526772458488415 -0.72799630902163681 -0.88190322501836915 0.27990867735228409 -0.27876658168557944 1.2561616488641905 1.37275824211385 2.1884955930341548 0.55237302668201704 0.39933008623421173 2.145781736478404 1.7765357907883228 1.9440635159616324 -1.8885717609234369 -1.6844122938640975 -1.8282194256077711 -0.81542133189136079 1.9332079077733324 0.0032490037170557554 -0.51674775630670222 1.0051253861994485 -0.39143057097116185 -0.19246664044620776 -0.48737705157670885 -0.08167566944243998 -0.81993734515167205 0.35119853765185249 -1.6860915143072894 0.83988053043604882 2.1992933368077576 0.18599433467853199 0.95346846189435119 0.046952040055020461 -0.45534152173466058 0.77400300396202715 2.2395808665498969 0.65524399474643946 -2.1926845259629513 -0.89123391570571453 1.8947663380989912 0.84821840613026112 -0.61834261854920891 -1.491268237876227 -0.6920252935781912 -1.6265194929454294 0.59752404070648968 0.39779306052237806 -1.7520966543121048 -0.80596304043580203 0.15606862814655564 0.96392921018643207 -1.1654414598970306 1.6718502059201876 0.97936914693016064 -1.7941263961670151 0.28566310408801132 -0.28738898319972628 -0.84565568485211307 -0.0072727118730730508 -1.1824997352304569 -0.63195994693305568 -1.0941971665991543 -1.4989242667712661 -1.7555992618552354 -1.1265809719955393 -0.9312231648465783 1.1429752981835737 0.20549905722823625 1.6236222955713275 0.30779278549562883 0.60749990579722857 -1.8354719075832353 1.3171720412557502 -0.31818904282169647 -0.85486514177627093 0.77814386922072432
 -0.0056929484900949262 2.3524719683320132 0.18495303677661923 0.39662120147892965 0.93628639816631676 -1.3484435447327039 0.40713461741816692 -1.4165130084512958 -0.17008113857691309 0.22372727987887542 0.99876677789861157 -0.79315421004978681 1.7354018005239293 -0.19422302417132042 -2.1395749493433094 1.9430589244394678 -0.29829002160345097 -1.3256603504090085 1.7596127898971279 1.1076240867810183 -0.56891243909718425 -0.53343007539700205 -1.4851982008535138 -0.33045250738717713 0.049110113119273741 0.91624930024034645 -0.31011362690039457 0.56583746136823265 -0.47257581440701379 1.3702157276447924 -0.91564804133859612 -2.3587327318156071 0.26769904698665026 0.3778710084667396 0.59046555248243937 0.26471419283422937 -0.7448150983287114 2.086711291656254 1.3067372868282323 0.0014440864935185149 0.35338636938291956 1.5011080443436073 1.9538994343695002 0.37656009197994744 -0.64924266537047748 -0.50013156227308486 0.3899924810670885 -1.2627284265363894 -0.20105150889247736 -0.044976873265064353 0.61986776676881261 2.0149012509743027 -0.023664127414504146 -0.3200246012482022 -1.5259365089192203 0.7541157207156659 -0.64119658869793561 -0.69095195351093341 1.0706763985637355 1.8318351313907826 0.11262513803251661 -0.11710825855457596 -0.5976097159090894 -1.5419922278529734 0.71040927033664092 1.1666677519647273 0.99218378879977598 -1.3554225878033028 -0.12489639832314592 1.0264696422011426 1.7215742614797467 0.5041338635852024 -1.336629723021268 -0.2890305022880536 0.96205262815308368 0.011787600485983402 -0.26914873381701754 -0.20815273186138217 0.0927380733806627 1.3432375363302516 0.65017371915621247 0.92669989962206678 -2.0732636727344209
