# Created by Octave 4.4.1, Tue Nov 27 23:10:06 2018 GMT <unknown@InteligenciayProyecto09>
# name: best_x
# type: matrix
# rows: 9
# columns: 83
 -0.37364371853146633 1.7471947842185507 -0.24472697277537037 1.9069547003746807 0.89445578835207928 0.84493434877473628 0.62196054491025565 0.68403705642731194 0.14438652835798191 -0.55253619183955438 1.0686146252342033 1.0679632833151138 0.56269322093182172 1.6616764213395467 -0.70899288528087723 1.3102442297350205 1.0850710747687657 0.96144199368658823 0.23647100624493353 -0.32437997659320933 -0.26825413651240737 -0.028910515260886036 1.1515969416184548 -0.29222078620474712 0.093509189184495911 -0.39393936362974935 1.6442963747640653 0.66749705570183837 1.0775431518870666 1.0973582747844113 1.0163226133227983 1.0881976277874665 0.13721007262219892 -0.078109696536979273 -0.456458429918495 -0.064538744437794185 -0.22668691940479441 -0.10725094422192075 1.409602733203611 0.98607274551586466 0.58570783395655246 0.15881550335452516 0.44399449144151226 0.77551986211311952 0.58578698569552901 0.21326289777626586 1.4082378253421823 2.2186077576331038 0.51477269179560592 0.84170401581880894 0.49815916699087198 0.5170097080014785 1.4064628270888022 0.97610975407011114 -0.11947269307358185 0.22278186043198744 0.26095999849289186 -0.62523545967896044 0.82367375250191843 1.6775851941514146 1.6590283023123267 0.4114437762520986 0.41633439794255367 -0.3627235798842966 1.6153463255052838 -0.16339711597283391 1.6282259696399677 -0.73768044925026344 0.14491576281919272 1.2616357492071923 -0.38223088321140603 0.58430784742420228 0.17714152769316138 0.44813877894247273 0.17077199949621713 -0.084480829416181749 1.6895322017416035 -0.27539400049379997 0.17870417520922791 0.12319200381596028 0.025103473152602668 -0.21100473077127943 0.88309604054661539
 -0.9839051834225454 -0.18587746596957205 0.56852460059033616 1.6493105055828381 0.77185810080849637 0.52102794985664858 0.99684812143911916 1.5967204404156718 0.26780798358372093 1.094613549353401 -0.76589536110765732 0.29650550573572332 1.5528880138340688 0.21487340154773751 1.1133189432512802 1.360896060436052 0.68174892291533173 0.24905004169146305 0.54681254626682596 0.2317458412191549 0.56994642190209843 0.64753726506759302 1.9602981313295782 0.85033921218597353 0.9717542988450345 -0.32741703158002478 0.063489553251578221 1.0552557196006267 -0.91030310040343221 1.0993123139584435 0.91569998455106738 -0.64473838640739967 1.4603861549933137 0.28149698561236969 -0.67310749778408385 1.3354672199368252 0.29761088350048198 -0.58996809872928524 -0.48846802291812241 0.75576837929338936 0.26326214803814751 0.61058884987745332 0.5889834900693145 1.7461427396395854 -0.15034725452657993 -0.031032756993422381 0.10163424446016667 0.56522942665556342 0.12322584366435541 0.46833484055195163 0.39385771569444372 1.0361609949624984 0.78647177254783496 0.49366618929466427 -0.078433191743519537 -0.70162280723928983 -0.42854776441393005 0.67048560481557851 0.6280611906480511 0.9054692593471052 0.78728132042232335 -0.0085139854354528907 0.082015325876353143 -0.061637395245310166 -0.41207149059393544 0.74388638381722516 -0.28561397466404176 1.2518361589847586 -0.028090551783812048 -0.005910996619258084 0.73366416073888674 -0.68640050821197196 0.45770594446659785 0.75109948592539921 1.9410511367885452 0.33864559127117022 0.9004137739645709 0.46726717721111977 0.78749397788941655 -0.1157814861638251 0.62020130271801377 1.0005546544171193 -0.55831213757495812
 0.30177426533819224 1.2699327136998826 0.43667469688174704 1.6988622268028477 0.45715593243870484 -0.050427656046335256 0.87122371584314062 1.2416807862848052 1.8798702235964666 1.7037550673588846 -1.0657011794069633 0.80526244648922762 -0.010753876987613875 1.6309199560119936 0.25194996560745109 -0.821276912952422 0.72849732348698626 1.1059679597685674 -0.028256383004736527 0.74939059753947868 1.321889873150349 -0.7933509671621406 -0.68910873869244038 -0.19667324744593156 0.52562317673773751 0.76015839637133875 0.96570105174957144 0.32570011927397247 -0.62235558399896007 0.53837501400164045 1.0667156705722216 1.2586678880150606 0.24367582859892883 -0.46038930633368175 0.35945222458856596 0.05371889522312856 -0.35210066379946603 0.62394517873838551 0.59181607174356909 -0.52183729845225257 -0.048936307797420434 -0.10811624726775547 1.5676760057738419 2.1097108782947953 1.2525568934640088 1.5494386159639046 -0.88826557376163029 0.31287189173046542 1.0914161785010563 0.42761650098819293 0.34489180831680039 -0.30338802338001919 -0.15767341382694589 -0.98729477166444457 -0.5129226155033908 0.036466723742774793 1.4184219511645937 -0.27241398484336332 0.58338118316537724 -0.21379199866099954 1.2651994033743135 1.3294417075824361 0.96081396341868308 0.56516740714050273 0.38541662122323006 0.70389672576486062 -0.614534690053259 -1.1341210405053981 0.10786462962585248 0.031738132320450418 -0.5121662729031744 0.43852917544928582 -0.11945752145689534 -0.51280558715528435 1.3425881781139699 1.3793667654224739 0.93594661154143322 0.90683547104255813 1.1509504920428753 -0.018607307545834201 0.98268233010284278 0.065400125014872773 0.7695146800168462
 -0.61237359387099122 0.3623420984767618 0.35725811047739214 -0.72965128812160385 1.2867113494841533 0.38923453377042461 1.1088728782765562 -0.52930944494056731 0.21739235352379643 0.098861325992246729 -0.3552724513956963 0.60122326333851417 0.24591988973905618 0.70397298003340603 0.65894828743733014 0.23892719996604522 0.64366158090247438 0.16481473629503937 0.55695824700983454 -0.21115961993219495 2.0380104882602277 0.67677595861236739 0.52821553061754267 0.019621239577955134 0.48341401539391848 1.2513023649549022 1.2439347667629534 -0.66937934639016872 -0.58293839358409638 0.33370019396657163 1.2579870132247577 0.18410411232504045 0.22277054222858883 0.58051809162609669 0.71868722047279365 2.1942468535837252 1.113531299524926 1.0487277587609869 1.6208437763000465 0.27773183127933959 0.53026526204670432 -0.071329865098568659 1.1217203379029701 1.4261921128823885 -0.27486607562687371 -0.85593916025150407 0.59640301434479137 1.3598840777703445 0.70930879023972793 0.92328638838304644 0.53850609434157359 1.3074637431336336 -0.34324656662971509 1.8704653878749113 -0.12500328412334835 0.39000429699040762 0.49048175594913035 0.43732494702297842 -0.076498117343303931 -0.29498044801762224 0.20961331124421403 0.793478389953307 1.6955970652457226 1.1021958114349655 -0.19661658695817613 -0.45461134389812036 -0.39246368975630797 -0.28794874302032158 -0.72193028415974703 0.30463816522282894 -0.3810028512939716 1.3458269068694406 0.12829093136863837 0.29945513074541347 -0.72185236872965364 0.9755701815470843 1.5471905818584484 1.0321009656004638 0.25669936746216215 0.41150221663235403 -0.016826282236785117 1.2488599945284249 0.96099590853405858
