# Created by Octave 4.4.1, Sun Nov 25 16:01:10 2018 GMT <unknown@Experience5000>
# name: best_x
# type: matrix
# rows: 11
# columns: 9
 -0.037927942461611353 -0.48504603949717334 1.2182086491320767 0.61064038392701203 1.2237117967037356 1.5577628084911088 -0.10389621603081711 0.26740648982290427 1.6623775748209113
 -0.9704662035535695 0.78140998396738992 -1.9703441136644948 2.4336939922994301 -1.3307752206697729 -0.36332201283969301 -1.3040869028253685 -0.28945354985977756 0.28216723986933995
 1.8466673109085949 0.16001581162851086 0.15494541434432652 -0.28975275874012163 -0.51091842914565011 -0.96272492908102869 0.9552269375899799 1.5748943299441645 0.97545018258717398
 1.1249555975987338 0.0047082236986637493 1.3398507072496322 -0.62914367268113802 -0.359234661828508 0.27630415008121334 1.193385743760204 2.5688770131428953 0.26797084279905947
 0.44627828881194659 0.66056595520246886 1.6960548719612909 -0.30494108871810388 0.92261868701675143 2.1838699242006263 -1.2829930360031581 1.2385301917110465 0.24145804695224449
 -0.19683341174105523 0.59513970223781087 0.83846325676979006 1.5746688068636689 0.75405233667835359 -0.72140941402598646 2.0439001946103708 -0.44725207520401333 2.2641146605637679
 -0.66721418983213088 -0.83385869666110324 -1.9134490538674873 -0.95155333203416737 2.4757216905198227 1.1706642108189729 0.38826597958848097 2.2417997144563806 0.3657377690755807
 -1.2918165112592208 0.3464088279352861 0.48355213326468882 1.7279396162590492 0.65821985881087264 2.6492277298566518 0.025889798440393186 1.4941806882442703 0.94374349862268847
 -0.15413538683627315 1.3551450629061534 0.37957202754620356 2.8253053636205818 -0.27232359085444613 1.3276577927938504 -1.6384685829779917 2.1712838543303907 1.9406398358778436
 0.28475685895928127 1.3189468317500967 -0.30861921901363143 -1.1238962086599642 0.31394467090213279 -0.19330596751258144 -0.39219659451000827 0.41763981062383987 1.3359583016048737
 -1.7834631900204674 0.066691229492384874 -1.179891455535802 0.21601407290352825 2.9548293243825805 0.15885896987236148 -1.6388498543340659 -0.9708234256081858 1.281970759572675


